7
1900
Face_Jaw
Face_LowerLip
Face_LLower
Face_RLower
Face_LCorner
Face_RCorner
Face_UpperLip
0	0 0 0 0 0 0
	0 0 0 0 0 0
	0 0 0 0 0 0
	0 0 0 0 0 0
	0 0 0 0 0 0
	0 0 0 0 0 0
	0 0 0 0 0 0
33	0 0 0 0 0 1.6691
	-0.0086 0.1066 0 0 0 -3.6507
	-0.1793 -0.1727 0.0042 0 0 0
	-0.1525 -0.1737 -0.0147 0 0 0
	0.0125 -0.1232 0.0984 -2.6117 -9.4408 -4.0981
	-0.0217 -0.109 -0.2655 2.2277 27.7757 -17.5245
	0.1037 -0.1148 0 0.2806 -0.8083 -8.3464
66	0 0 0 0 0 2.6706
	-0.0138 0.1705 0 0 0 -5.8411
	-0.2869 -0.2763 0.0068 0 0 0
	-0.2453 -0.278 -0.0235 0 0 0
	0.02 -0.1972 0.1575 -4.1787 -15.1053 -6.5569
	-0.0347 -0.1744 -0.4248 3.5644 44.4411 -28.0392
	0.1659 -0.1837 0 0.4489 -1.2933 -13.3543
100	0 0 0 0 0 2.4656
	-0.046 0.2181 0 0 0 -4.5863
	-0.305 -0.3363 0.0112 0 0 0
	-0.2671 -0.3448 0.026 0 0 0
	0.0601 -0.2659 0.069 0.7101 -12.8913 -6.974
	0.0354 -0.3072 -0.33 8.9312 47.0031 -22.7983
	0.1966 -0.1869 0.0012 0.3525 -1.0154 -15.4666
133	0 0 0 0 0 1.7612
	-0.0841 0.2492 0 0 0 -2.0335
	-0.2796 -0.3653 0.0157 0 0 0
	-0.2553 -0.3822 0.0923 0 0 0
	0.1071 -0.3191 -0.0684 7.5466 -7.5837 -6.4001
	0.1293 -0.4447 -0.1398 15.0717 42.7809 -11.5263
	0.2072 -0.1601 0.0015 0.1563 -0.4502 -15.883
166	0 0 0 0 0 1.0589
	-0.1009 0.2418 0 0 0 0
	-0.2289 -0.3428 0.017 0 0 0
	-0.2165 -0.3635 0.1281 0 0 0
	0.1276 -0.3189 -0.157 11.4642 -2.9608 -5.2438
	0.1801 -0.489 0.0102 17.6146 34.7801 -2.2472
	0.1904 -0.1225 0.0015 0 0 -14.3071
200	0 0 0 0 0 2.06
	-0.2677 -0.0732 -0.0091 0.244 0 -44.4129
	-0.1139 -0.3869 0.0998 0 8.9318 -19.3568
	0 -0.4173 0.073 0 -1.3489 -16.216
	0.2 -0.1725 -0.0873 3.7215 -14.4175 0.5127
	0.2296 -0.2682 0.0068 14.1749 22.7166 13.7214
	0.1769 -0.0651 0.0014 0 0 -21.4589
233	0 0 0 0 0 2.8312
	-0.4079 -0.4046 -0.0188 0.4717 0 -85.8713
	0.0287 -0.3753 0.1744 0 17.2694 -37.426
	0.2353 -0.4116 0.0018 0 -2.6082 -31.3534
	0.248 0.0132 0.0019 -5.2727 -24.6557 6.6944
	0.248 0.0132 0.0019 8.2495 6.0958 28.9742
	0.1351 0.0071 0.001 0 0 -25.9302
266	0 0 0 0 0 3.2469
	-0.3111 -0.3652 -0.0156 0.3951 0 -71.9288
	-0.0689 -0.279 0.2378 0 14.4654 -31.3493
	0.1082 -0.3094 -0.0841 0 -2.1847 -26.2627
	0.1572 0.1714 0.1464 -5.663 -18.214 1.9552
	0.1213 0.1984 -0.2107 8.2007 3.2782 19.2105
	0.0777 0.0214 0.0163 0 -1.0507 -26.9164
300	0 0 0 0 0 3.0419
	-0.1598 -0.259 -0.0095 0.2475 0 -45.0611
	-0.1502 -0.1341 0.2546 0 9.0621 -19.6393
	-0.0345 -0.1531 -0.1514 0 -1.3686 -16.4527
	0.0403 0.292 0.2583 -4.9827 -8.6031 -2.98
	-0.0233 0.3399 -0.3766 6.6234 -0.0507 6.21
	0.0079 0.0312 0.028 0 -1.868 -22.8449
333	0 0 0 0 0 1.3885
	-0.2 -0.1984 -0.0092 0.2313 0 -42.1157
	0.0141 -0.1841 0.0855 0 8.4698 -18.3556
	0.1154 -0.2018 0 0 -1.2792 -15.3773
	0.1216 0.0064 0 -2.586 -12.0924 3.2832
	0.1216 0.0064 0 4.046 2.9897 14.2104
	0.0662 0.0035 0 0 0 -12.7175
366	0 0 0 0 0 1.7878
	-0.0981 -0.0181 -0.0041 0.1066 0 -21.9192
	-0.1168 -0.2036 0.0423 0 3.9032 -8.459
	-0.0518 -0.2125 -0.0097 0 -0.5895 -7.0864
	0.0646 -0.0817 0.0681 -2.9878 -12.0653 -1.3052
	0.041 -0.072 -0.1821 3.3966 20.4796 -5.5032
	0.1018 -0.0773 0 0.1929 -0.5559 -11.6007
400	0 0 0 0 0 1.9678
	-0.0102 0.1256 0 0 0 -4.304
	-0.2114 -0.2036 0.005 0 0 0
	-0.1798 -0.2048 -0.0173 0 0 0
	0.0147 -0.1453 0.1161 -3.0791 -11.1302 -4.8314
	-0.0256 -0.1285 -0.313 2.6264 32.7461 -20.6604
	0.1222 -0.1354 0 0.3308 -0.9529 -9.84
433	0 0 0 0 0 1.9093
	-0.0427 0.1818 0 0 0 -3.3794
	-0.2447 -0.2777 0.0098 0 0 0
	-0.2157 -0.2858 0.0304 0 0 0
	0.0554 -0.2238 0.0371 1.5248 -9.7575 -5.5969
	0.0418 -0.2691 -0.2422 8.1199 37.6727 -16.9951
	0.1615 -0.1484 0.001 0.2597 -0.7482 -12.6465
466	0 0 0 0 0 1.5064
	-0.0818 0.2313 0 0 0 -1.4984
	-0.2511 -0.3367 0.0149 0 0 0
	-0.2309 -0.3532 0.0933 0 0 0
	0.1041 -0.2979 -0.0814 7.8197 -6.1714 -5.7492
	0.1308 -0.424 -0.101 14.5764 38.3763 -8.9359
	0.1902 -0.1421 0.0014 0.1151 -0.3317 -14.5225
500	0 0 0 0 0 1.046
	-0.0997 0.2388 0 0 0 0
	-0.2261 -0.3386 0.0168 0 0 0
	-0.2139 -0.3591 0.1265 0 0 0
	0.126 -0.315 -0.1551 11.3243 -2.9247 -5.1798
	0.1779 -0.483 0.0101 17.3998 34.3559 -2.2198
	0.188 -0.121 0.0015 0 0 -14.1326
533	0 0 0 0 0 2.6143
	0.0144 0.0736 0 0 0 0
	-0.3424 -0.1086 0.2217 0 0 0
	-0.326 -0.1201 -0.1272 0 0 0
	-0.0459 0.1939 0.2477 3.4852 3.9983 -11.3665
	-0.0997 0.1618 -0.486 12.7745 15.0947 -12.9578
	0.0238 -0.0323 0.0366 0 -2.4319 -19.9762
566	0 0 0 0 0 3.6836
	0.1283 -0.1104 0 0 0 0
	-0.3913 0.1488 0.3859 0 0 0
	-0.374 0.1487 -0.3607 0 0 0
	-0.2125 0.6749 0.6091 -5.2449 10.261 -15.3688
	-0.3633 0.7883 -0.894 5.431 -7.6918 -21.2893
	-0.1489 0.0649 0.065 0 -4.4216 -21.8665
600	0 0 0 0 0 3.4953
	0.0608 0.038 0 0 0 -3.3288
	-0.3731 -0.0777 0.2106 0 0 0
	-0.3395 -0.0787 -0.2067 0 0 0
	-0.1024 0.2491 0.4161 -5.1913 -3.1115 -11.9701
	-0.2145 0.3228 -0.7211 4.9408 21.2064 -27.3846
	0.0147 -0.0699 0.0353 0.2558 -3.1058 -19.3248
633	0 0 0 0 0 2.7058
	-0.014 0.1728 0 0 0 -5.918
	-0.2907 -0.28 0.0069 0 0 0
	-0.2486 -0.2816 -0.0238 0 0 0
	0.0202 -0.1998 0.1596 -4.2337 -15.304 -6.6432
	-0.0352 -0.1767 -0.4304 3.6113 45.0259 -28.4081
	0.1681 -0.1862 0 0.4548 -1.3103 -13.53
666	0 0 0 0 0 2.5967
	-0.0257 0.1882 0 0 0 -5.3814
	-0.2938 -0.2987 0.0084 0 0 0
	-0.2534 -0.3029 -0.0052 0 0 0
	0.0348 -0.2227 0.1249 -2.3745 -14.2975 -6.7158
	-0.0088 -0.2236 -0.3901 5.5508 45.4196 -26.1217
	0.1774 -0.185 0.001 0.4136 -1.1915 -14.1446
700	0 0 0 0 0 2.1788
	-0.0399 0.1913 0 0 0 -4.0715
	-0.2685 -0.2953 0.0098 0 0 0
	-0.235 -0.3026 0.0219 0 0 0
	0.0521 -0.233 0.0627 0.5211 -11.4161 -6.1413
	0.0297 -0.268 -0.293 7.7609 41.3958 -20.2179
	0.1727 -0.1648 0.001 0.3129 -0.9015 -13.5942
733	0 0 0 0 0 1.6145
	-0.0534 0.1853 0 0 0 -2.4382
	-0.2278 -0.2771 0.0108 0 0 0
	-0.2042 -0.2876 0.0506 0 0 0
	0.0685 -0.2328 -0.0083 3.6655 -7.7024 -5.2115
	0.0705 -0.3035 -0.1725 9.8 34.963 -12.7646
	0.1591 -0.1345 0.001 0.1874 -0.5398 -12.3257
766	0 0 0 0 0 1.0665
	-0.0633 0.1735 0 0 0 -0.9311
	-0.1842 -0.2514 0.0114 0 0 0
	-0.1703 -0.2642 0.0737 0 0 0
	0.0804 -0.2244 -0.0699 6.2708 -4.1994 -4.2182
	0.1034 -0.3237 -0.0615 11.2268 28.1295 -5.8293
	0.1416 -0.1034 0.001 0.0715 -0.2061 -10.7859
800	0 0 0 0 0 0.6973
	-0.0664 0.1592 0 0 0 0
	-0.1507 -0.2257 0.0112 0 0 0
	-0.1426 -0.2394 0.0843 0 0 0
	0.084 -0.21 -0.1034 7.5495 -1.9498 -3.4532
	0.1186 -0.322 0.0067 11.5999 22.9039 -1.4799
	0.1253 -0.0806 0.001 0 0 -9.4217
833	0 0 0 0 0 0.6658
	-0.0634 0.152 0 0 0 0
	-0.1439 -0.2155 0.0107 0 0 0
	-0.1361 -0.2285 0.0805 0 0 0
	0.0802 -0.2005 -0.0987 7.2084 -1.8617 -3.2971
	0.1132 -0.3074 0.0064 11.0757 21.8689 -1.413
	0.1197 -0.077 0 0 0 -8.996
866	0 0 0 0 0 0.5828
	-0.0555 0.133 0 0 0 0
	-0.126 -0.1886 0.0093 0 0 0
	-0.1192 -0.2 0.0705 0 0 0
	0.0702 -0.1755 -0.0864 6.3096 -1.6296 -2.886
	0.0991 -0.2691 0.0056 9.6947 19.1423 -1.2368
	0.1048 -0.0674 0 0 0 -7.8743
900	0 0 0 0 0 0.4655
	-0.0443 0.1063 0 0 0 0
	-0.1006 -0.1507 0.0074 0 0 0
	-0.0952 -0.1598 0.0563 0 0 0
	0.0561 -0.1402 -0.069 5.0404 -1.3017 -2.3055
	0.0792 -0.215 0.0045 7.7445 15.2915 -0.988
	0.0837 -0.0538 0 0 0 -6.2903
933	0 0 0 0 0 0.3314
	-0.0315 0.0756 0 0 0 0
	-0.0716 -0.1072 0.0053 0 0 0
	-0.0677 -0.1137 0.04 0 0 0
	0.0399 -0.0998 -0.0491 3.5877 -0.9266 -1.641
	0.0563 -0.153 0.0032 5.5124 10.8844 -0.7032
	0.0595 -0.0383 0 0 0 -4.4774
966	0 0 0 0 0 0.1975
	-0.0188 0.0451 0 0 0 0
	-0.0427 -0.0639 0.0031 0 0 0
	-0.0404 -0.0678 0.0239 0 0 0
	0.0238 -0.0595 -0.0293 2.1386 -0.5523 -0.9782
	0.0336 -0.0912 0.0019 3.286 6.4883 -0.4192
	0.0355 -0.0228 0 0 0 -2.669
1000	0 0 0 0 0 0.0813
	-0.0077 0.0185 0 0 0 0
	-0.0175 -0.0263 0.0013 0 0 0
	-0.0166 -0.0279 0.0098 0 0 0
	0.0098 -0.0244 -0.012 0.8804 -0.2273 -0.4027
	0.0138 -0.0375 0 1.3527 2.671 -0.1725
	0.0146 -0.0094 0 0 0 -1.0987
1033	0 0 0 0 0 0
	0 0 0 0 0 0
	0 0 0 0 0 0
	0 0 0 0 0 0
	0 0 0 0 0 0
	0 0 0 0 0 0
	0 0 0 0 0 0
1066	0 0 0 0 0 0.3321
	0.0115 -0.0099 0 0 0 0
	-0.0352 0.0134 0.0348 0 0 0
	-0.0337 0.0134 -0.0325 0 0 0
	-0.0191 0.0608 0.0549 -0.4729 0.9253 -1.3859
	-0.0327 0.071 -0.0806 0.4897 -0.6936 -1.9198
	-0.0134 0.0058 0.0058 0 -0.3987 -1.9719
1100	0 0 0 0 0 0.8698
	0.0303 -0.026 0 0 0 0
	-0.0924 0.0351 0.0911 0 0 0
	-0.0883 0.0351 -0.0852 0 0 0
	-0.0501 0.1593 0.1438 -1.2385 2.4231 -3.6292
	-0.0858 0.1861 -0.2111 1.2825 -1.8164 -5.0274
	-0.0351 0.0153 0.0153 0 -1.0441 -5.1637
1133	0 0 0 0 0 1.4525
	0.0506 -0.0435 0 0 0 0
	-0.1543 0.0586 0.1522 0 0 0
	-0.1475 0.0586 -0.1422 0 0 0
	-0.0838 0.2661 0.2401 -2.0683 4.0463 -6.0605
	-0.1433 0.3108 -0.3525 2.1416 -3.0332 -8.3952
	-0.0587 0.0256 0.0256 0 -1.7436 -8.6228
1166	0 0 0 0 0 1.9199
	0.0668 -0.0575 0 0 0 0
	-0.2039 0.0775 0.2011 0 0 0
	-0.1949 0.0775 -0.188 0 0 0
	-0.1107 0.3517 0.3174 -2.7336 5.348 -8.0102
	-0.1894 0.4108 -0.4659 2.8306 -4.009 -11.096
	-0.0776 0.0338 0.0338 0 -2.3045 -11.3969
1200	0 0 0 0 0 2.1113
	0.0735 -0.0632 0 0 0 0
	-0.2243 0.0852 0.2212 0 0 0
	-0.2144 0.0852 -0.2067 0 0 0
	-0.1218 0.3868 0.3491 -3.0062 5.8813 -8.8089
	-0.2082 0.4518 -0.5124 3.1129 -4.4087 -12.2024
	-0.0853 0.0372 0.0372 0 -2.5343 -12.5332
1233	0 0 0 0 0 2.1084
	0.0464 0.0035 0 0 0 3.7178
	-0.2558 0.0718 0.2315 0.3179 4.0555 3.1426
	-0.2296 0.0862 -0.2501 0.5855 0.5082 -1.5058
	-0.1884 0.3419 0.3859 -2.8059 4.7583 -5.908
	-0.2726 0.417 -0.547 11.1802 2.5796 -9.0888
	-0.0404 0.0256 0.0294 2.1669 -1.5914 -13.4108
1266	0 0 0 0 0 1.835
	-0.002 0.1079 -0.0022 0 0 9.0759
	-0.2727 0.0415 0.2182 0.7762 9.9002 7.6716
	-0.2243 0.0766 -0.2863 1.4293 1.2406 -3.676
	-0.269 0.2278 0.3946 -2.1341 2.3902 -0.6046
	-0.3387 0.3092 -0.5316 22.41 13.2131 -3.0465
	0.0352 0.0042 0.0134 5.2899 0.0903 -13.0781
1300	0 0 0 0 0 1.4313
	-0.036 0.169 -0.003 0 0 11.8097
	-0.2532 0.0153 0.1837 1.01 12.8822 9.9823
	-0.1948 0.0611 -0.2789 1.8598 1.6143 -4.7833
	-0.2948 0.1212 0.3553 -1.415 0.4459 3.2038
	-0.3464 0.1977 -0.4596 27.7498 19.1901 1.5637
	0.0845 -0.0113 0 6.8833 1.2656 -11.3396
1333	0 0 0 0 0 2.4672
	-0.0289 0.2012 -0.0015 0 0 3.0076
	-0.321 -0.1633 0.1076 0.5681 7.2462 5.615
	-0.2614 -0.1386 -0.1715 1.0461 0.908 -2.6906
	-0.1534 -0.0545 0.2979 -3.3967 -9.1502 -2.2787
	-0.2165 0.0026 -0.5229 17.8276 38.4532 -16.5711
	0.1508 -0.1207 0 4.1512 -0.0929 -14.6898
1366	0 0 0 0 0 3.022
	-0.0157 0.193 0 0 0 -6.6097
	-0.3246 -0.3127 0.0077 0 0 0
	-0.2788 -0.3145 -0.0266 0 0 0
	0.0226 -0.2231 0.1783 -4.7286 -17.0928 -7.4197
	-0.0393 -0.1974 -0.4807 4.0334 50.2886 -31.7286
	0.1877 -0.2079 0 0.508 -1.4634 -15.1115
1400	0 0 0 0 0 1.8009
	-0.0038 0.1869 0.0081 0 0 -3.3357
	-0.2866 -0.2455 0.0494 0 0 0
	-0.2615 -0.2514 -0.0769 0 0 0
	-0.0157 -0.21 0.0897 -2.2287 -8.8454 -2.5297
	-0.0424 -0.2002 -0.2636 3.4214 26.9826 -15.3578
	0.1578 -0.1622 0.001 0.2563 -0.7385 -13.7168
1433	0 0 0 0 0 0.4902
	0.0072 0.1592 0.014 0 0 0
	-0.2183 -0.1559 0.0809 0 0 0
	-0.2172 -0.1648 -0.1128 0 0 0
	-0.0482 -0.1732 0 0.2803 -0.3893 2.1596
	-0.04 -0.1788 -0.0373 2.4636 2.8499 1.1642
	0.1121 -0.1017 0 0 0 -10.8274
1466	0 0 0 0 0 1.6596
	-0.0031 0.1779 0.008 0 0 -3.0266
	-0.2714 -0.2309 0.049 0 0 0
	-0.2487 -0.2367 -0.0757 0 0 0
	-0.0167 -0.1996 0.0814 -2.0075 -8.0459 -2.1827
	-0.0405 -0.191 -0.2411 3.2327 24.6305 -13.8737
	0.149 -0.1524 0 0.2326 -0.6701 -13.01
1500	0 0 0 0 0 2.7959
	-0.0145 0.1785 0 0 0 -6.115
	-0.3003 -0.2893 0.0071 0 0 0
	-0.2572 -0.291 -0.0246 0 0 0
	0.0209 -0.2064 0.1649 -4.3747 -15.8137 -6.8644
	-0.0364 -0.1826 -0.4448 3.7316 46.5252 -29.3541
	0.1737 -0.1924 0 0.47 -1.3539 -13.9806
1533	0 0 0 0 0 2.6424
	-0.19 -0.0937 -0.0082 0.2115 0 -41.5103
	-0.1345 -0.3104 0.0817 0 7.7442 -16.7831
	-0.0199 -0.3275 -0.0112 0 -1.1696 -14.0599
	0.1215 -0.0954 0.0818 -4.5125 -18.8213 -0.3685
	0.0933 -0.0837 -0.2175 5.5316 25.5782 -1.4203
	0.1458 -0.0912 0 0.2307 -0.6648 -18.4927
1566	0 0 0 0 0 2.2571
	-0.3251 -0.3226 -0.015 0.3761 0 -68.4582
	0.0229 -0.2992 0.139 0 13.7675 -29.8367
	0.1876 -0.3281 0.0014 0 -2.0793 -24.9955
	0.1977 0.0105 0.0015 -4.2035 -19.656 5.3369
	0.1977 0.0105 0.0015 6.5767 4.8597 23.0987
	0.1077 0.0057 0 0 0 -20.672
1600	0 0 0 0 0 2.8466
	-0.1845 -0.071 -0.0079 0.2037 0 -40.6334
	-0.162 -0.3301 0.0794 0 7.4574 -16.1615
	-0.0467 -0.3468 -0.0135 0 -1.1263 -13.5392
	0.1192 -0.1142 0.0966 -4.8179 -19.8323 -1.0964
	0.0859 -0.1003 -0.2575 5.7298 29.6565 -4.5385
	0.1592 -0.1086 0.001 0.273 -0.7864 -19.3179
1633	0 0 0 0 0 3.1977
	-0.0166 0.2042 0 0 0 -6.994
	-0.3435 -0.3309 0.0081 0 0 0
	-0.2959 -0.3328 -0.0282 0 0 0
	0.0239 -0.2361 0.1886 -5.0035 -18.0866 -7.8511
	-0.0416 -0.2089 -0.5087 4.2679 53.2124 -33.5733
	0.1987 -0.22 0.001 0.5375 -1.5485 -15.99
1666	0 0 0 0 0 2.8598
	-0.0121 0.2183 0.0042 0 0 -5.9559
	-0.3534 -0.3252 0.0295 0 0 0
	-0.3108 -0.3294 -0.0555 0 0 0
	0.0069 -0.2494 0.1605 -4.1827 -15.5108 -6.0836
	-0.0466 -0.2277 -0.4436 4.3214 46.1093 -28.2656
	0.2005 -0.2157 0.0011 0.4577 -1.3187 -16.636
1700	0 0 0 0 0 1.9846
	-0.0039 0.2099 0.0093 0 0 -3.643
	-0.321 -0.2738 0.0569 0 0 0
	-0.2935 -0.2806 -0.0881 0 0 0
	-0.0189 -0.2357 0.098 -2.4238 -9.6743 -2.6843
	-0.0477 -0.2251 -0.2893 3.826 29.5715 -16.7301
	0.1764 -0.1808 0.0011 0.28 -0.8066 -15.3736
1733	0 0 0 0 0 1.0532
	0.004 0.1921 0.0138 0 0 -1.257
	-0.2748 -0.2117 0.0804 0 0 0
	-0.2649 -0.2207 -0.1152 0 0 0
	-0.0427 -0.2115 0.0335 -0.6257 -3.6309 0.6966
	-0.0465 -0.212 -0.1279 3.1715 12.3457 -4.8981
	0.1452 -0.1388 0.001 0.0966 -0.2783 -13.4412
1766	0 0 0 0 0 0.5468
	0.008 0.1775 0.0157 0 0 0
	-0.2435 -0.1739 0.0903 0 0 0
	-0.2422 -0.1838 -0.1259 0 0 0
	-0.0538 -0.1932 0 0.3126 -0.4343 2.4088
	-0.0446 -0.1994 -0.0416 2.7479 3.1787 1.2985
	0.1251 -0.1135 0 0 0 -12.0768
1800	0 0 0 0 0 2.5301
	-0.0131 0.1616 0 0 0 -5.5337
	-0.2718 -0.2618 0.0064 0 0 0
	-0.232 -0.2633 -0.0223 0 0 0
	0.0189 -0.1868 0.1492 -3.9588 -14.3103 -6.2118
	-0.0329 -0.1652 -0.4025 3.3768 42.1021 -26.5634
	0.1572 -0.1741 0 0.4253 -1.2252 -12.6514
1833	0 0 0 0 0 1.9867
	-0.0037 0.014 0.0048 0 0 -17.29
	-0.168 -0.1466 0.0963 0 0 0
	-0.1393 -0.1303 -0.0956 0 0 0
	-0.0511 -0.0686 0.114 0.3306 -11.9324 -4.7486
	-0.082 -0.0398 -0.3001 1.1726 26.9029 -14.7636
	0.0289 -0.1394 0 -0.6394 -0.6657 -5.6631
1866	0 0 0 0 0 0.8756
	0.0067 -0.1374 0.008 0 0 -24.1063
	-0.0162 0.0104 0.1586 0 0 0
	-0.0075 0.0399 -0.1415 0 0 0
	-0.1066 0.0692 0.0462 4.5257 -6.1453 -1.9285
	-0.1076 0.097 -0.112 -1.3666 4.0172 1.2543
	-0.1075 -0.0649 0 -1.5215 0.084 2.9432
1900	0 0 0 0 0 0
	0 0 0 0 0 0
	0 0 0 0 0 0
	0 0 0 0 0 0
	0 0 0 0 0 0
	0 0 0 0 0 0
	0 0 0 0 0 0
