7
7100
Face_Jaw
Face_LowerLip
Face_LCorner
Face_RCorner
Face_LLower
Face_RLower
Face_UpperLip
0	0 0 0 0 0 0
	0 0 0 0 0 0
	0 0 0 0 0 0
	0 0 0 0 0 0
	0 0 0 0 0 0
	0 0 0 0 0 0
	0 0 0 0 0 0
33	0 0 0 0 0 0.432
	-0.0022 0.0275 0 0 0 -0.945
	0.0032 -0.0319 0.0254 -0.676 -2.4438 -1.0608
	-0.0056 -0.0282 -0.0687 0.5766 7.1901 -4.5364
	-0.0464 -0.0447 0.0011 0 0 0
	-0.0398 -0.0449 -0.0038 0 0 0
	0.0268 -0.0297 0 0.0726 -0.2092 -2.1605
66	0 0 0 0 0 0.9237
	-0.0048 0.059 0 0 0 -2.0204
	0.0069 -0.0682 0.0545 -1.4454 -5.2248 -2.268
	-0.012 -0.0603 -0.1469 1.2329 15.3719 -9.6986
	-0.0992 -0.0955 0.0023 0 0 0
	-0.0847 -0.0961 -0.0081 0 0 0
	0.0574 -0.0635 0 0.1552 -0.4473 -4.6191
100	0 0 0 0 0 1.3856
	-0.0072 0.0885 0 0 0 -3.0306
	0.0103 -0.1023 0.0817 -2.1681 -7.8372 -3.402
	-0.018 -0.0905 -0.2204 1.8493 23.0579 -14.5479
	-0.1488 -0.1433 0.0035 0 0 0
	-0.1267 -0.1442 -0.0122 0 0 0
	0.0861 -0.0953 0 0.2329 -0.671 -6.9287
133	0 0 0 0 0 1.7283
	-0.0089 0.1103 0 0 0 -3.7801
	0.0129 -0.1276 0.1019 -2.7043 -9.7755 -4.2434
	-0.0225 -0.1129 -0.2749 2.3067 28.7604 -18.1458
	-0.1856 -0.1788 0.0044 0 0 0
	-0.1579 -0.1799 -0.0152 0 0 0
	0.1074 -0.1189 0 0.2905 -0.8369 -8.6423
166	0 0 0 0 0 1.8624
	-0.0096 0.1189 0 0 0 -4.0734
	0.0139 -0.1375 0.1098 -2.9141 -10.5339 -4.5726
	-0.0242 -0.1216 -0.2963 2.4857 30.9918 -19.5536
	-0.2 -0.1927 0.0047 0 0 0
	-0.1702 -0.1938 -0.0164 0 0 0
	0.1157 -0.1281 0 0.313 -0.9019 -9.3129
200	0 0 0 0 0 1.7651
	0 -0.0542 0.007 0 0 -23.0271
	-0.0845 -0.0147 0.0994 2.3304 -11.0136 -4.1425
	-0.1061 0.0178 -0.2572 0.166 20.2569 -9.5081
	-0.1224 -0.0954 0.1395 0 0 0
	-0.0989 -0.0704 -0.1311 0 0 0
	-0.0302 -0.1254 0 -1.1445 -0.4159 -2.5024
233	0 0 0 0 0 1.4118
	0.0108 -0.2215 0.0129 0 0 -38.8653
	-0.1719 0.1116 0.0745 7.2966 -9.9078 -3.1093
	-0.1735 0.1564 -0.1806 -2.2033 6.4768 2.0223
	-0.0261 0.0167 0.2557 0 0 0
	-0.0121 0.0644 -0.2282 0 0 0
	-0.1734 -0.1046 -0.0014 -2.453 0.1355 4.7451
266	0 0 0 0 0 2.1676
	0.0422 -0.2204 0.0113 0 0 -33.7035
	-0.2034 0.2696 0.2206 4.9843 -5.9641 -6.6323
	-0.2435 0.3375 -0.3856 -0.5198 3.6467 -3.6984
	-0.1229 0.0526 0.3206 0 0 0
	-0.1063 0.0939 -0.2903 0 0 0
	-0.1885 -0.0741 0.0154 -2.1272 -1.0148 -1.485
300	0 0 0 0 0 2.9953
	0.0827 -0.1906 0.0077 0 0 -21.8617
	-0.2236 0.466 0.4058 0.9701 0.5584 -10.9328
	-0.3147 0.559 -0.6358 2.006 -0.9531 -11.5841
	-0.2485 0.0983 0.3745 0 0 0
	-0.2303 0.1251 -0.344 0 0 0
	-0.1865 -0.02 0.038 -1.3798 -2.5659 -10.3974
333	0 0 0 0 0 3.6216
	0.1174 -0.1491 0.0035 0 0 -8.8054
	-0.2294 0.6302 0.5628 -3.0481 6.9526 -14.4801
	-0.365 0.742 -0.8423 4.3689 -5.4271 -18.6243
	-0.3566 0.1371 0.4039 0 0 0
	-0.338 0.1479 -0.3751 0 0 0
	-0.1728 0.0344 0.0579 -0.5557 -3.9326 -18.5248
366	0 0 0 0 0 3.7734
	0.1314 -0.113 0 0 0 0
	-0.2177 0.6913 0.6239 -5.3728 10.5112 -15.7436
	-0.3722 0.8075 -0.9158 5.5635 -7.8794 -21.8086
	-0.4008 0.1524 0.3954 0 0 0
	-0.3832 0.1523 -0.3695 0 0 0
	-0.1526 0.0665 0.0665 0 -4.5295 -22.3998
400	0 0 0 0 0 3.4442
	0.1172 -0.0623 0 0 0 0
	-0.2017 0.5563 0.5494 -4.1774 9.568 -11.4805
	-0.3283 0.6559 -0.854 7.937 0.2387 -19.8629
	-0.4022 0.0768 0.3707 0 0 0
	-0.3782 0.0822 -0.3408 0 0 0
	-0.1138 0.021 0.0581 0 -3.943 -19.7369
433	0 0 0 0 0 2.5517
	0.0821 0.0249 0 0 0 0
	-0.1547 0.2821 0.372 -1.8292 7.0433 -3.4724
	-0.2233 0.3446 -0.6642 10.8602 13.1202 -14.6412
	-0.3613 -0.0516 0.2918 0 0 0
	-0.3298 -0.038 -0.2585 0 0 0
	-0.04 -0.0535 0.0384 0 -2.5882 -13.3885
466	0 0 0 0 0 1.5025
	0.0418 0.1114 -0.002 0 0 0
	-0.0983 -0.0105 0.1714 0.6418 4.0855 4.791
	-0.1044 0.0109 -0.4338 13.158 25.3041 -8.5197
	-0.2988 -0.1777 0.195 0 0 0
	-0.2615 -0.1567 -0.1604 0 0 0
	0.0365 -0.1253 0.0163 0 -1.0717 -6.2074
500	0 0 0 0 0 0.703
	0.0124 0.1593 -0.0025 0 0 0
	-0.054 -0.2007 0.0274 2.2061 1.8433 9.8203
	-0.0188 -0.2076 -0.2504 13.6552 31.3294 -3.8741
	-0.2351 -0.2466 0.117 0 0 0
	-0.197 -0.2223 -0.0841 0 0 0
	0.0838 -0.1627 0 0 0 -1.0464
533	0 0 0 0 0 1.3747
	0.0053 0.1768 -0.0018 0 0 -1.8108
	-0.0358 -0.2173 0.0702 0.4203 -3.2491 5.6053
	-0.0254 -0.2156 -0.3265 11.7257 38.1445 -11.7057
	-0.2718 -0.2774 0.0931 0 0 0
	-0.2292 -0.2591 -0.0727 0 0 0
	0.1166 -0.1835 0 0.1391 -0.4009 -4.9538
566	0 0 0 0 0 2.2159
	-0.0061 0.1796 0 0 0 -4.3341
	-0.0031 -0.2132 0.126 -2.3652 -10.5936 -1.5918
	-0.0321 -0.1986 -0.3987 7.1965 43.4182 -22.0963
	-0.2912 -0.2872 0.044 0 0 0
	-0.2468 -0.2804 -0.0455 0 0 0
	0.151 -0.1906 0 0.3331 -0.9596 -10.2576
600	0 0 0 0 0 2.5652
	-0.0133 0.1638 0 0 0 -5.6105
	0.0192 -0.1894 0.1513 -4.0138 -14.509 -6.2981
	-0.0334 -0.1675 -0.4081 3.4237 42.6869 -26.9324
	-0.2756 -0.2654 0.0065 0 0 0
	-0.2353 -0.267 -0.0226 0 0 0
	0.1594 -0.1765 0 0.4312 -1.2422 -12.8272
633	0 0 0 0 0 2.3928
	-0.0212 0.1767 0 0 0 -0.6317
	-0.0761 -0.1068 0.2246 -3.4901 -10.9032 -3.8057
	-0.1321 -0.0666 -0.4521 11.1526 38.3931 -20.0123
	-0.2877 -0.1972 0.0615 0.311 3.9679 3.0747
	-0.2384 -0.1843 -0.1031 0.5728 0.4972 -1.4733
	0.1473 -0.1378 0 2.4483 -0.5554 -13.2535
666	0 0 0 0 0 1.7974
	-0.0299 0.1706 -0.0021 0 0 6.8064
	-0.2061 0.0303 0.3007 -2.2198 -4.0273 0.4152
	-0.259 0.0919 -0.4526 20.9699 26.5838 -6.9468
	-0.2646 -0.0685 0.134 0.7258 9.2585 7.1743
	-0.2106 -0.036 -0.2072 1.3366 1.1602 -3.4378
	0.1085 -0.061 0 5.0763 0.5373 -11.9937
700	0 0 0 0 0 1.3226
	-0.0333 0.1562 -0.0028 0 0 10.9127
	-0.2724 0.112 0.3283 -1.3076 0.412 2.9604
	-0.3201 0.1827 -0.4247 25.6422 17.7327 1.4449
	-0.234 0.0141 0.1698 0.9332 11.9038 9.2242
	-0.18 0.0565 -0.2577 1.7186 1.4917 -4.42
	0.0781 -0.0105 0 6.3605 1.1695 -10.4783
733	0 0 0 0 0 1.5519
	-0.0217 0.1406 -0.0026 0 0 10.4263
	-0.2769 0.1598 0.3613 -1.6597 1.1966 1.6259
	-0.3342 0.2362 -0.4757 24.9242 16.3403 -0.2853
	-0.2542 0.0252 0.1924 0.8916 11.3732 8.813
	-0.2012 0.0656 -0.2744 1.642 1.4252 -4.223
	0.063 -0.0049 0.0056 6.077 0.7714 -11.7223
766	0 0 0 0 0 1.7706
	-0.0048 0.1111 -0.0022 0 0 9.1475
	-0.2666 0.2152 0.3846 -2.0386 2.1893 -0.2802
	-0.3336 0.2948 -0.5167 22.4705 13.4821 -2.6145
	-0.2664 0.0386 0.2117 0.7823 9.9783 7.7321
	-0.2181 0.0741 -0.2808 1.4406 1.2504 -3.705
	0.0387 0.0028 0.0122 5.3316 0.1857 -12.7129
800	0 0 0 0 0 1.9734
	0.0153 0.0727 -0.0016 0 0 7.3472
	-0.2459 0.2738 0.4001 -2.4223 3.2941 -2.5251
	-0.3223 0.3547 -0.5488 18.8609 9.6775 -5.2861
	-0.2726 0.0533 0.2278 0.6283 8.0145 6.2104
	-0.2311 0.0817 -0.2796 1.157 1.0043 -2.9758
	0.0088 0.012 0.0195 4.2823 -0.5125 -13.4834
833	0 0 0 0 0 2.1549
	0.0365 0.0304 -0.001 0 0 5.2962
	-0.2195 0.3316 0.4095 -2.7889 4.4147 -4.876
	-0.3046 0.4124 -0.5733 14.6756 5.4466 -8.0434
	-0.2743 0.068 0.2409 0.4529 5.7771 4.4767
	-0.241 0.0885 -0.2732 0.834 0.7239 -2.1451
	-0.0232 0.0215 0.027 3.0869 -1.2485 -14.0671
866	0 0 0 0 0 2.3097
	0.0567 -0.0106 0 0 0 3.2651
	-0.1919 0.3842 0.4147 -3.1165 5.455 -7.1
	-0.2846 0.4642 -0.5916 10.4943 1.3089 -10.6299
	-0.2733 0.0815 0.2513 0.2792 3.5616 2.7599
	-0.2482 0.0942 -0.2645 0.5142 0.4463 -1.3225
	-0.054 0.0305 0.0339 1.9031 -1.9476 -14.4973
900	0 0 0 0 0 2.4325
	0.0736 -0.0455 0 0 0 1.5249
	-0.1677 0.4274 0.4175 -3.3832 6.3189 -8.9644
	-0.2664 0.5065 -0.6049 6.8972 -2.2156 -12.7889
	-0.2714 0.0927 0.2592 0.1304 1.6634 1.2889
	-0.2534 0.0986 -0.2561 0.2401 0.2084 -0.6176
	-0.0799 0.0381 0.0397 0.8888 -2.5346 -14.8073
933	0 0 0 0 0 2.5179
	0.0851 -0.0692 0 0 0 0.3462
	-0.1515 0.4572 0.4198 -3.5669 6.9101 -10.2364
	-0.2544 0.5356 -0.6144 4.4642 -4.6075 -14.2641
	-0.2704 0.1004 0.2648 0.0296 0.3777 0.2926
	-0.2571 0.1017 -0.2506 0.0545 0.0473 -0.1402
	-0.0976 0.0433 0.0437 0.2018 -2.9349 -15.0304
966	0 0 0 0 0 2.5605
	0.0892 -0.0767 0 0 0 0
	-0.1477 0.4691 0.4234 -3.6458 7.1326 -10.6832
	-0.2526 0.5479 -0.6214 3.7752 -5.3467 -14.7987
	-0.272 0.1034 0.2683 0 0 0
	-0.26 0.1034 -0.2507 0 0 0
	-0.1035 0.0451 0.0451 0 -3.0735 -15.1999
1000	0 0 0 0 0 2.5298
	0.0802 -0.0563 0 0 0 1.0856
	-0.1654 0.4505 0.4292 -3.5448 6.7215 -9.7114
	-0.2684 0.5314 -0.6243 6.087 -3.2436 -13.7168
	-0.278 0.0982 0.2682 0.0928 1.1842 0.9176
	-0.2614 0.1024 -0.2605 0.1709 0.1484 -0.4397
	-0.0892 0.0412 0.0423 0.6327 -2.7623 -15.2788
1033	0 0 0 0 0 2.4148
	0.0582 -0.0085 0 0 0 3.5529
	-0.2032 0.4 0.435 -3.251 5.6614 -7.3148
	-0.2999 0.4841 -0.6198 11.2741 1.6299 -10.9974
	-0.2869 0.0847 0.2632 0.3038 3.8756 3.0032
	-0.2601 0.0985 -0.2782 0.5595 0.4856 -1.439
	-0.0548 0.0315 0.0352 2.0708 -2.001 -15.1903
1066	0 0 0 0 0 2.2397
	0.0293 0.053 -0.0014 0 0 6.6976
	-0.2496 0.3304 0.4376 -2.8358 4.2307 -4.1409
	-0.3373 0.4177 -0.6072 17.8433 7.9015 -7.3662
	-0.2953 0.0664 0.2538 0.5728 7.3059 5.6613
	-0.2555 0.0923 -0.298 1.0547 0.9155 -2.7127
	-0.0097 0.0187 0.0255 3.9037 -0.9963 -14.9079
1100	0 0 0 0 0 2.0286
	0 0.1154 -0.0023 0 0 9.8157
	-0.2935 0.2544 0.434 -2.3706 2.7075 -0.8373
	-0.3707 0.3438 -0.5856 24.3013 14.1982 -3.5488
	-0.2996 0.0466 0.2406 0.8394 10.7071 8.2969
	-0.2471 0.0847 -0.314 1.5458 1.3417 -3.9756
	0.0363 0.0053 0.0153 5.7211 0.0449 -14.405
1133	0 0 0 0 0 1.8054
	-0.0258 0.1649 -0.0031 0 0 12.2029
	-0.3235 0.1851 0.4211 -1.927 1.3701 1.9484
	-0.3901 0.2741 -0.5541 29.1551 19.1474 -0.2709
	-0.2963 0.029 0.2241 1.0436 13.3111 10.3147
	-0.2344 0.0763 -0.3201 1.9217 1.6681 -4.9425
	0.0742 -0.006 0.0064 7.1124 0.9159 -13.655
1166	0 0 0 0 0 1.5944
	-0.0401 0.1883 -0.0034 0 0 13.1551
	-0.3284 0.135 0.3958 -1.5762 0.4967 3.5688
	-0.3859 0.2202 -0.512 30.9112 21.3764 1.7418
	-0.2821 0.0171 0.2047 1.125 14.3498 11.1196
	-0.217 0.0681 -0.3107 2.0717 1.7982 -5.3282
	0.0942 -0.0126 0 7.6674 1.4098 -12.6314
1200	0 0 0 0 0 1.7883
	-0.0396 0.1965 -0.0032 0 0 11.9289
	-0.3106 0.1085 0.3927 -1.9239 -1.0586 2.732
	-0.3708 0.1919 -0.5304 29.7829 24.8517 -1.1847
	-0.2976 -0.0117 0.1955 1.0708 13.6582 10.5837
	-0.2315 0.0366 -0.2981 1.9719 1.7116 -5.0714
	0.1065 -0.0307 0 7.3435 1.2108 -13.3766
1233	0 0 0 0 0 1.9687
	-0.0365 0.1971 -0.0027 0 0 9.4366
	-0.2663 0.0633 0.3653 -2.322 -3.2783 1.3458
	-0.3271 0.1392 -0.5265 26.3956 28.5037 -5.4084
	-0.303 -0.0533 0.1707 0.929 11.8494 9.1821
	-0.2391 -0.0116 -0.2623 1.7107 1.4849 -4.3998
	0.1183 -0.0553 0 6.4411 0.8484 -13.6915
1266	0 0 0 0 0 2.1337
	-0.0317 0.1924 -0.002 0 0 6.1446
	-0.2051 0.0066 0.3219 -2.7419 -5.8872 -0.3772
	-0.265 0.0713 -0.5073 21.5462 32.1568 -10.3955
	-0.3012 -0.1024 0.1358 0.7308 9.322 7.2236
	-0.2415 -0.07 -0.2115 1.3458 1.1682 -3.4614
	0.1294 -0.0837 0 5.1656 0.3842 -13.6958
1300	0 0 0 0 0 2.2813
	-0.0262 0.1847 -0.0013 0 0 2.5196
	-0.1365 -0.0543 0.2707 -3.1551 -8.6098 -2.2244
	-0.1944 -0.0026 -0.4795 16.032 35.6356 -15.6121
	-0.295 -0.1539 0.0963 0.5076 6.4747 5.0172
	-0.2406 -0.1318 -0.1539 0.9347 0.8114 -2.4041
	0.1395 -0.1132 0 3.7222 -0.1202 -13.5094
1333	0 0 0 0 0 2.4095
	-0.0207 0.1762 0 0 0 -0.9717
	-0.0698 -0.1126 0.22 -3.533 -11.171 -3.9831
	-0.1256 -0.0736 -0.45 10.6499 38.7646 -20.5245
	-0.2874 -0.2023 0.0579 0.2905 3.7061 2.8719
	-0.2386 -0.1903 -0.0978 0.535 0.4644 -1.3761
	0.1484 -0.1407 0 2.3161 -0.6033 -13.2519
1366	0 0 0 0 0 2.5165
	-0.0162 0.1692 0 0 0 -3.863
	-0.0147 -0.1609 0.1782 -3.847 -13.2954 -5.4407
	-0.0687 -0.1324 -0.4258 6.1971 41.3685 -24.5988
	-0.2813 -0.2424 0.0262 0.1109 1.415 1.0965
	-0.2375 -0.2388 -0.0514 0.2042 0.1773 -0.5254
	0.1559 -0.1636 0 1.1527 -1.0035 -13.0432
1400	0 0 0 0 0 2.6003
	-0.0135 0.166 0 0 0 -5.6874
	0.0194 -0.192 0.1534 -4.0688 -14.7078 -6.3844
	-0.0338 -0.1698 -0.4137 3.4706 43.2716 -27.3013
	-0.2793 -0.269 0.0066 0 0 0
	-0.2386 -0.2707 -0.0229 0 0 0
	0.1615 -0.1789 0 0.4371 -1.2592 -13.0029
1433	0 0 0 0 0 2.7569
	-0.0143 0.176 0 0 0 -6.0298
	0.0206 -0.2036 0.1626 -4.3138 -15.5933 -6.7688
	-0.0359 -0.1801 -0.4386 3.6796 45.877 -28.9451
	-0.2962 -0.2852 0.007 0 0 0
	-0.2535 -0.287 -0.0243 0 0 0
	0.1713 -0.1897 0 0.4634 -1.3351 -13.7858
1466	0 0 0 0 0 2.8934
	-0.015 0.1848 0 0 0 -6.3283
	0.0216 -0.2136 0.1707 -4.5273 -16.3652 -7.1038
	-0.0377 -0.189 -0.4603 3.8617 48.1478 -30.3779
	-0.3108 -0.2994 0.0073 0 0 0
	-0.2665 -0.3012 -0.0255 0 0 0
	0.1798 -0.1991 0 0.4864 -1.4011 -14.4682
1500	0 0 0 0 0 3.006
	-0.0156 0.192 0 0 0 -6.5746
	0.0225 -0.2219 0.1773 -4.7035 -17.0021 -7.3803
	-0.0391 -0.1963 -0.4782 4.012 50.0218 -31.5602
	-0.3229 -0.311 0.0076 0 0 0
	-0.2773 -0.3129 -0.0265 0 0 0
	0.1868 -0.2068 0 0.5053 -1.4557 -15.0313
1533	0 0 0 0 0 3.091
	-0.016 0.1974 0 0 0 -6.7605
	0.0231 -0.2282 0.1823 -4.8365 -17.4829 -7.589
	-0.0402 -0.2019 -0.4917 4.1255 51.4364 -32.4527
	-0.332 -0.3198 0.0078 0 0 0
	-0.2855 -0.3217 -0.0272 0 0 0
	0.192 -0.2127 0.001 0.5196 -1.4969 -15.4563
1566	0 0 0 0 0 3.1446
	-0.0163 0.2008 0 0 0 -6.8779
	0.0235 -0.2322 0.1855 -4.9204 -17.7864 -7.7208
	-0.0409 -0.2054 -0.5003 4.1971 52.3291 -33.016
	-0.3378 -0.3254 0.008 0 0 0
	-0.2907 -0.3273 -0.0277 0 0 0
	0.1954 -0.2164 0.001 0.5286 -1.5228 -15.7246
1600	0 0 0 0 0 3.1632
	-0.0164 0.202 0 0 0 -6.9184
	0.0237 -0.2336 0.1866 -4.9495 -17.8913 -7.7663
	-0.0412 -0.2066 -0.5032 4.2218 52.6376 -33.2106
	-0.3398 -0.3273 0.008 0 0 0
	-0.2925 -0.3292 -0.0279 0 0 0
	0.1965 -0.2176 0.001 0.5317 -1.5318 -15.8173
1633	0 0 0 0 0 3.1429
	-0.0163 0.2007 0 0 0 -6.874
	0.0235 -0.2321 0.1854 -4.9177 -17.7763 -7.7164
	-0.0409 -0.2053 -0.5 4.1947 52.2994 -32.9972
	-0.3376 -0.3252 0.008 0 0 0
	-0.2905 -0.3271 -0.0277 0 0 0
	0.1953 -0.2162 0.001 0.5283 -1.522 -15.7157
1666	0 0 0 0 0 3.0799
	-0.016 0.1967 0 0 0 -6.7363
	0.023 -0.2274 0.1817 -4.8192 -17.4203 -7.5619
	-0.0401 -0.2012 -0.49 4.1107 51.2521 -32.3364
	-0.3309 -0.3187 0.0078 0 0 0
	-0.2844 -0.3206 -0.0271 0 0 0
	0.1913 -0.2119 0.001 0.5177 -1.4915 -15.401
1700	0 0 0 0 0 2.9706
	-0.0154 0.1897 0 0 0 -6.4972
	0.0222 -0.2193 0.1752 -4.6481 -16.8021 -7.2935
	-0.0387 -0.194 -0.4726 3.9648 49.4331 -31.1888
	-0.3191 -0.3074 0.0075 0 0 0
	-0.2739 -0.3092 -0.0262 0 0 0
	0.1846 -0.2044 0 0.4993 -1.4386 -14.8544
1733	0 0 0 0 0 2.8112
	-0.0146 0.1795 0 0 0 -6.1485
	0.021 -0.2076 0.1658 -4.3987 -15.9003 -6.902
	-0.0366 -0.1836 -0.4472 3.752 46.7801 -29.5149
	-0.302 -0.2909 0.0071 0 0 0
	-0.2586 -0.2926 -0.0248 0 0 0
	0.1746 -0.1934 0 0.4725 -1.3613 -14.0572
1766	0 0 0 0 0 2.5467
	-0.0176 0.1746 0 0 0 -3.2668
	-0.028 -0.153 0.192 -3.8577 -13.0875 -5.217
	-0.0837 -0.1214 -0.4409 7.3824 41.6651 -24.1801
	-0.2889 -0.2383 0.0342 0.1557 1.9859 1.5388
	-0.243 -0.2327 -0.0635 0.2867 0.2488 -0.7373
	0.1575 -0.1618 0 1.4521 -0.9313 -13.3792
1800	0 0 0 0 0 2.0707
	-0.0227 0.1649 -0.0011 0 0 1.7524
	-0.1129 -0.0574 0.236 -2.8933 -8.1207 -2.2594
	-0.1647 -0.0128 -0.4269 13.6275 32.5117 -14.7647
	-0.2642 -0.1455 0.081 0.4246 5.4161 4.1969
	-0.2161 -0.1271 -0.1302 0.7819 0.6787 -2.011
	0.1268 -0.1058 0 3.1409 -0.1792 -12.1127
1833	0 0 0 0 0 1.5429
	-0.0272 0.1508 -0.0019 0 0 6.6755
	-0.194 0.0387 0.2732 -1.8596 -2.9812 0.7308
	-0.2406 0.0951 -0.4015 19.4414 22.5627 -5.0388
	-0.2326 -0.0496 0.1251 0.6794 8.6657 6.715
	-0.1844 -0.0192 -0.1927 1.2511 1.0859 -3.2177
	0.0929 -0.0475 0 4.7278 0.5704 -10.5289
1866	0 0 0 0 0 1.1233
	-0.0282 0.1327 -0.0024 0 0 9.2683
	-0.2314 0.0951 0.2788 -1.1105 0.3499 2.5143
	-0.2718 0.1551 -0.3607 21.7783 15.0606 1.2272
	-0.1987 0.012 0.1442 0.7926 10.11 7.8342
	-0.1528 0.048 -0.2189 1.4596 1.2669 -3.754
	0.0663 -0.0089 0 5.402 0.9933 -8.8994
1900	0 0 0 0 0 1.1997
	-0.0244 0.0935 0 0 0 3.6284
	-0.2324 0.1006 0.2635 -0.1071 -0.9106 1.9071
	-0.2695 0.1609 -0.3514 19.5883 14.5392 1.3702
	-0.1845 0.013 0.1632 0.7229 9.2204 7.1448
	-0.1409 0.0517 -0.2279 1.3311 1.1554 -3.4236
	0.039 -0.0211 0 4.6222 0.9227 -7.5272
1933	0 0 0 0 0 1.2141
	-0.0163 0.0245 0.0022 0 0 -5.4508
	-0.2137 0.1004 0.2169 1.4614 -2.7904 0.7978
	-0.2423 0.1559 -0.3064 14.483 12.4655 1.4734
	-0.1463 0.0135 0.1787 0.5516 7.0366 5.4526
	-0.1101 0.0531 -0.2222 1.0159 0.8818 -2.6127
	-0.0068 -0.0382 0 3.0086 0.7328 -4.7409
1966	0 0 0 0 0 1.1781
	-0.0066 -0.0538 0.0054 0 0 -15.392
	-0.1835 0.0958 0.1552 3.1566 -4.7772 -0.4797
	-0.2015 0.1435 -0.2427 8.1386 9.6056 1.5257
	-0.0972 0.0134 0.1883 0.336 4.2866 3.3217
	-0.0708 0.0523 -0.2063 0.6188 0.5371 -1.5916
	-0.058 -0.0558 0 1.0709 0.4885 -1.4143
2000	0 0 0 0 0 1.1032
	0.0022 -0.1212 0.0079 0 0 -23.6176
	-0.1502 0.0882 0.0951 4.5397 -6.3589 -1.5916
	-0.1581 0.1273 -0.1776 2.2315 6.7254 1.5161
	-0.0503 0.0128 0.1899 0.1331 1.6984 1.3161
	-0.0335 0.0498 -0.1846 0.2452 0.2128 -0.6306
	-0.1011 -0.0692 0 -0.6814 0.2546 1.5785
2033	0 0 0 0 0 1.0007
	0.0076 -0.157 0.0091 0 0 -27.5501
	-0.1218 0.0791 0.0528 5.1722 -7.0232 -2.2041
	-0.123 0.1108 -0.128 -1.5618 4.5911 1.4335
	-0.0185 0.0118 0.1813 0 0 0
	-0.0086 0.0456 -0.1618 0 0 0
	-0.1229 -0.0741 0 -1.7388 0.096 3.3636
2066	0 0 0 0 0 1.4657
	0.0041 -0.1088 0.0084 0 0 -26.4367
	-0.1075 0.0319 0.0807 3.8787 -9.5386 -3.3669
	-0.1198 0.0657 -0.2046 -0.6978 13.3416 -4.4511
	-0.0759 -0.0459 0.1674 0 0 0
	-0.0584 -0.0153 -0.153 0 0 0
	-0.0784 -0.1057 0 -1.5005 -0.1778 0.3357
2100	0 0 0 0 0 2.0942
	-0.0017 -0.0226 0.0066 0 0 -22.5361
	-0.0758 -0.0463 0.1191 1.4938 -12.8097 -4.9625
	-0.1051 -0.012 -0.3111 0.7435 26.3084 -13.5329
	-0.162 -0.1349 0.1319 0 0 0
	-0.1328 -0.1119 -0.1267 0 0 0
	0 -0.1478 0 -0.9981 -0.603 -4.5473
2133	0 0 0 0 0 2.7169
	-0.0084 0.0758 0.0043 0 0 -17.1519
	-0.0368 -0.133 0.1575 -1.2728 -15.9692 -6.5587
	-0.084 -0.0995 -0.4184 2.3454 39.8791 -23.2469
	-0.2525 -0.2301 0.0859 0 0 0
	-0.212 -0.2165 -0.0915 0 0 0
	0.087 -0.1893 0 -0.3862 -1.059 -9.8869
2166	0 0 0 0 0 3.1646
	-0.014 0.1614 0.002 0 0 -11.5879
	0 -0.2055 0.1855 -3.7118 -18.1498 -7.7231
	-0.0614 -0.1743 -0.4977 3.6905 50.4411 -31.028
	-0.3236 -0.3062 0.0409 0 0 0
	-0.2764 -0.3018 -0.056 0 0 0
	0.1625 -0.2187 0 0.181 -1.4256 -14.2845
2200	0 0 0 0 0 3.268
	-0.017 0.2087 0 0 0 -7.1477
	0.0244 -0.2413 0.1928 -5.1135 -18.4841 -8.0236
	-0.0425 -0.2134 -0.5199 4.3617 54.3819 -34.3111
	-0.3511 -0.3381 0.0083 0 0 0
	-0.3027 -0.3402 -0.0288 0 0 0
	0.203 -0.2248 0.001 0.5493 -1.5826 -16.3415
2233	0 0 0 0 0 2.8012
	-0.0106 0.2308 0.006 0 0 -5.6917
	0 -0.2624 0.1533 -3.9581 -14.8768 -5.5132
	-0.0501 -0.2425 -0.4291 4.4725 44.4601 -26.8496
	-0.3681 -0.3325 0.0394 0 0 0
	-0.3269 -0.3377 -0.0687 0 0 0
	0.2072 -0.2203 0.0012 0.4374 -1.2602 -17.4045
2266	0 0 0 0 0 1.6958
	0 0.2349 0.014 0 0 -2.6473
	-0.0387 -0.2609 0.071 -1.6163 -7.2315 -0.8331
	-0.0554 -0.2561 -0.2295 4.055 22.9634 -11.555
	-0.3462 -0.2797 0.0832 0 0 0
	-0.3258 -0.2892 -0.1224 0 0 0
	0.1862 -0.184 0.0012 0.2034 -0.5861 -16.7738
2300	0 0 0 0 0 0.6317
	0.0093 0.2051 0.0181 0 0 0
	-0.0621 -0.2232 0 0.3611 -0.5017 2.7826
	-0.0516 -0.2304 -0.0481 3.1743 3.672 1.5
	-0.2812 -0.2009 0.1043 0 0 0
	-0.2798 -0.2123 -0.1454 0 0 0
	0.1445 -0.1311 0.0011 0 0 -13.9507
2333	0 0 0 0 0 0.9169
	-0.0874 0.2093 0 0 0 0
	0.1105 -0.2761 -0.1359 9.9263 -2.5636 -4.5403
	0.156 -0.4234 0.0088 15.2517 30.1145 -1.9458
	-0.1982 -0.2968 0.0147 0 0 0
	-0.1875 -0.3147 0.1109 0 0 0
	0.1648 -0.106 0.0013 0 0 -12.3878
2366	0 0 0 0 0 2.2261
	0.0128 0.0615 0 0 0 0
	-0.0399 0.1672 0.2123 2.9141 3.429 -9.6752
	-0.0861 0.1407 -0.4149 10.8113 12.7006 -11.0496
	-0.2911 -0.0909 0.1892 0 0 0
	-0.2772 -0.1006 -0.1093 0 0 0
	0.0193 -0.0269 0.0312 0 -2.076 -16.9767
2400	0 0 0 0 0 2.9648
	0.1032 -0.0888 0 0 0 0
	-0.171 0.5432 0.4902 -4.2215 8.2588 -12.37
	-0.2924 0.6344 -0.7196 4.3713 -6.191 -17.1353
	-0.3149 0.1197 0.3106 0 0 0
	-0.301 0.1197 -0.2903 0 0 0
	-0.1199 0.0522 0.0523 0 -3.5588 -17.5999
2433	0 0 0 0 0 2.6977
	0.0912 -0.0331 0.0043 0 0 0
	-0.1611 0.4221 0.4237 -3.573 7.0337 -10.103
	-0.2638 0.4995 -0.6324 4.4545 -4.5716 -14.4958
	-0.3321 0.0608 0.2907 0 0 0
	-0.3198 0.0583 -0.282 0 0 0
	-0.0729 0.0172 0.0454 0 -3.0769 -18.1837
2466	0 0 0 0 0 1.9606
	0.0619 0.0524 0.0093 0 0 0
	-0.1258 0.191 0.2721 -2.166 4.3392 -5.4912
	-0.1881 0.2381 -0.4236 4.0038 -1.6171 -8.7751
	-0.3145 -0.0331 0.2243 0 0 0
	-0.3061 -0.0388 -0.2335 0 0 0
	0.0051 -0.036 0.0296 0 -1.9771 -16.701
2500	0 0 0 0 0 1.1188
	0.0295 0.1332 0.0136 0 0 0
	-0.0837 -0.0473 0.1068 -0.6546 1.4331 -0.6345
	-0.1023 -0.0327 -0.1932 3.3192 1.3791 -2.6316
	-0.2782 -0.1234 0.1456 0 0 0
	-0.2742 -0.1319 -0.1717 0 0 0
	0.0813 -0.0861 0.0123 0 -0.7785 -14.2349
2533	0 0 0 0 0 0.5374
	0.0079 0.1745 0.0154 0 0 0
	-0.0529 -0.1899 0 0.3072 -0.4268 2.3673
	-0.0439 -0.196 -0.0409 2.7005 3.1239 1.2761
	-0.2393 -0.1709 0.0887 0 0 0
	-0.2381 -0.1806 -0.1237 0 0 0
	0.1229 -0.1115 0 0 0 -11.8685
2566	0 0 0 0 0 0.9916
	0.0044 0.1888 0.0138 0 0 -1.117
	-0.0435 -0.2076 0.0297 -0.5241 -3.2707 0.8645
	-0.0459 -0.2087 -0.1179 3.0983 11.2944 -4.2201
	-0.269 -0.2058 0.0807 0 0 0
	-0.2601 -0.2148 -0.1152 0 0 0
	0.1417 -0.1349 0.001 0.0858 -0.2473 -13.1748
2600	0 0 0 0 0 1.6064
	-0.0014 0.1929 0.01 0 0 -2.7557
	-0.0246 -0.2154 0.074 -1.7734 -7.4016 -1.5674
	-0.0447 -0.2086 -0.2268 3.4225 22.9806 -12.4059
	-0.2896 -0.2406 0.0604 0 0 0
	-0.2687 -0.2476 -0.0908 0 0 0
	0.1575 -0.1586 0.001 0.2118 -0.6101 -13.9513
2633	0 0 0 0 0 2.232
	-0.0078 0.1912 0.0055 0 0 -4.4739
	-0.003 -0.2169 0.1205 -3.094 -11.7177 -4.2008
	-0.0418 -0.2016 -0.3396 3.667 35.1226 -21.0333
	-0.3027 -0.271 0.036 0 0 0
	-0.2696 -0.2756 -0.0609 0 0 0
	0.1697 -0.1794 0.001 0.3438 -0.9905 -14.3462
2666	0 0 0 0 0 2.7186
	-0.013 0.1876 0.0018 0 0 -5.8291
	0.0147 -0.2157 0.1572 -4.1396 -15.1167 -6.3079
	-0.039 -0.1936 -0.428 3.8258 44.6605 -27.8545
	-0.3101 -0.2928 0.0156 0 0 0
	-0.2685 -0.2954 -0.0358 0 0 0
	0.1778 -0.1945 0 0.448 -1.2906 -14.5078
2700	0 0 0 0 0 2.9166
	-0.0151 0.1862 0 0 0 -6.3791
	0.0218 -0.2153 0.172 -4.5636 -16.4966 -7.1609
	-0.038 -0.1905 -0.464 3.8927 48.5344 -30.6218
	-0.3133 -0.3018 0.0074 0 0 0
	-0.2687 -0.3036 -0.0257 0 0 0
	0.1812 -0.2007 0 0.4903 -1.4124 -14.5843
2733	0 0 0 0 0 2.675
	-0.0126 0.187 0.002 0 0 -5.7146
	0.0134 -0.2149 0.1541 -4.0526 -14.8275 -6.1408
	-0.0391 -0.1933 -0.4204 3.7999 43.84 -27.284
	-0.3084 -0.2901 0.0169 0 0 0
	-0.2674 -0.2929 -0.0373 0 0 0
	0.1766 -0.1927 0 0.4392 -1.2653 -14.4392
2766	0 0 0 0 0 2.0936
	-0.0068 0.1872 0.0061 0 0 -4.1303
	-0.006 -0.2119 0.1112 -2.8375 -10.844 -3.7327
	-0.0413 -0.1982 -0.316 3.5514 32.6173 -19.3396
	-0.2942 -0.2606 0.0387 0 0 0
	-0.2635 -0.2655 -0.0639 0 0 0
	0.1642 -0.1725 0 0.3174 -0.9145 -13.9738
2800	0 0 0 0 0 1.3988
	0 0.187 0.0108 0 0 -2.2404
	-0.0291 -0.2079 0.0601 -1.3886 -6.0912 -0.8653
	-0.0439 -0.2035 -0.1915 3.249 19.2227 -9.8654
	-0.2768 -0.2251 0.0644 0 0 0
	-0.2598 -0.2325 -0.0952 0 0 0
	0.1493 -0.1482 0.001 0.1722 -0.496 -13.3927
2833	0 0 0 0 0 0.8172
	0.006 0.1867 0.0148 0 0 -0.6589
	-0.0485 -0.2045 0.0173 -0.1764 -2.1138 1.5329
	-0.046 -0.2078 -0.0872 2.9946 8.0125 -1.938
	-0.2621 -0.1953 0.0859 0 0 0
	-0.2564 -0.2048 -0.1214 0 0 0
	0.1367 -0.1278 0.001 0.0506 -0.1459 -12.9003
2866	0 0 0 0 0 0.5751
	0.0084 0.1867 0.0165 0 0 0
	-0.0566 -0.2032 0 0.3288 -0.4567 2.5334
	-0.0469 -0.2097 -0.0438 2.8901 3.3432 1.3657
	-0.2561 -0.1829 0.0949 0 0 0
	-0.2548 -0.1933 -0.1324 0 0 0
	0.1315 -0.1193 0.001 0 0 -12.7014
2900	0 0 0 0 0 0.7633
	0.0068 0.1902 0.0156 0 0 -0.483
	-0.0517 -0.208 0.0125 -0.0354 -1.6801 1.8475
	-0.0471 -0.2123 -0.0764 3.0209 6.8289 -1.0306
	-0.2653 -0.1954 0.0901 0 0 0
	-0.2608 -0.2054 -0.1268 0 0 0
	0.1378 -0.1278 0.001 0.0371 -0.1069 -13.0855
2933	0 0 0 0 0 1.2261
	0.0027 0.1977 0.0132 0 0 -1.6799
	-0.0393 -0.2185 0.0449 -0.94 -4.7082 0.1315
	-0.0474 -0.2172 -0.1571 3.3265 15.444 -6.9769
	-0.2864 -0.2251 0.0776 0 0 0
	-0.2734 -0.2339 -0.1122 0 0 0
	0.1525 -0.1479 0.001 0.1291 -0.3719 -13.955
2966	0 0 0 0 0 1.8197
	-0.0026 0.2053 0.0099 0 0 -3.2332
	-0.0225 -0.2298 0.0869 -2.1178 -8.6324 -2.1252
	-0.0471 -0.2211 -0.2612 3.689 26.5844 -14.7096
	-0.3108 -0.2616 0.0601 0 0 0
	-0.2864 -0.2687 -0.0916 0 0 0
	0.17 -0.1726 0.0011 0.2485 -0.7158 -14.9335
3000	0 0 0 0 0 2.4009
	-0.0082 0.2089 0.0063 0 0 -4.7853
	-0.0045 -0.2368 0.1289 -3.3016 -12.5441 -4.4334
	-0.0459 -0.2206 -0.3643 3.9905 37.6464 -22.4651
	-0.3299 -0.2941 0.0407 0 0 0
	-0.2945 -0.2993 -0.0683 0 0 0
	0.1847 -0.1947 0.0011 0.3678 -1.0595 -15.6447
3033	0 0 0 0 0 2.8261
	-0.0128 0.2046 0.0029 0 0 -5.9787
	0.0113 -0.2345 0.1612 -4.2243 -15.5346 -6.3038
	-0.0431 -0.2123 -0.4419 4.1133 46.0259 -28.48
	-0.3348 -0.3123 0.0222 0 0 0
	-0.2922 -0.3156 -0.0454 0 0 0
	0.191 -0.2073 0.001 0.4595 -1.3237 -15.7123
3066	0 0 0 0 0 2.9517
	-0.0153 0.1885 0 0 0 -6.456
	0.0221 -0.2179 0.1741 -4.6186 -16.6953 -7.2472
	-0.0384 -0.1928 -0.4696 3.9396 49.1191 -30.9907
	-0.3171 -0.3054 0.0075 0 0 0
	-0.2721 -0.3072 -0.026 0 0 0
	0.1834 -0.2031 0 0.4962 -1.4294 -14.76
3100	0 0 0 0 0 2.5524
	-0.1587 -0.0535 -0.0067 0.1745 0 -35.0568
	0.103 -0.1062 0.0895 -4.3055 -17.6337 -1.2191
	0.0721 -0.0934 -0.2387 5.0605 27.3018 -5.0849
	-0.151 -0.2946 0.0683 0 6.3881 -13.8443
	-0.0505 -0.3089 -0.0125 0 -0.9648 -11.598
	0.1435 -0.1009 0 0.253 -0.7289 -17.1183
3133	0 0 0 0 0 1.9714
	-0.284 -0.2817 -0.0131 0.3285 0 -59.7926
	0.1726 0.0092 0.0013 -3.6714 -17.1679 4.6613
	0.1726 0.0092 0.0013 5.7442 4.2445 20.1748
	0.02 -0.2613 0.1214 0 12.0247 -26.0599
	0.1638 -0.2866 0.0012 0 -1.8161 -21.8315
	0.094 0.005 0 0 0 -18.0553
3166	0 0 0 0 0 2.6003
	-0.0135 0.166 0 0 0 -5.6874
	0.0194 -0.192 0.1534 -4.0688 -14.7078 -6.3844
	-0.0338 -0.1698 -0.4137 3.4706 43.2716 -27.3013
	-0.2793 -0.269 0.0066 0 0 0
	-0.2386 -0.2707 -0.0229 0 0 0
	0.1615 -0.1789 0 0.4371 -1.2592 -13.0029
3200	0 0 0 0 0 2.7643
	-0.0143 0.1765 0 0 0 -6.0461
	0.0207 -0.2041 0.163 -4.3254 -15.6353 -6.787
	-0.036 -0.1805 -0.4397 3.6895 46.0005 -29.023
	-0.2969 -0.286 0.007 0 0 0
	-0.2542 -0.2877 -0.0243 0 0 0
	0.1717 -0.1902 0 0.4647 -1.3387 -13.8229
3233	0 0 0 0 0 2.4617
	-0.0128 0.1572 0 0 0 -5.3842
	0.0184 -0.1818 0.1452 -3.8519 -13.9238 -6.0441
	-0.032 -0.1608 -0.3916 3.2856 40.9651 -25.8461
	-0.2644 -0.2547 0.0062 0 0 0
	-0.2256 -0.2562 -0.0217 0 0 0
	0.1529 -0.1694 0 0.4138 -1.1921 -12.3098
3266	0 0 0 0 0 2.003
	-0.0104 0.1279 0 0 0 -4.3808
	0.015 -0.1479 0.1181 -3.134 -11.329 -4.9177
	-0.026 -0.1308 -0.3186 2.6733 33.3308 -21.0294
	-0.2151 -0.2072 0.0051 0 0 0
	-0.1831 -0.2085 -0.0176 0 0 0
	0.1244 -0.1378 0 0.3367 -0.9699 -10.0157
3300	0 0 0 0 0 1.7209
	-0.0376 0.1623 0 0 0 -3.0671
	0.0489 -0.1995 0.0354 1.2543 -8.8224 -5.0204
	0.0359 -0.2387 -0.22 7.1704 33.7982 -15.3993
	-0.2195 -0.2482 0.0087 0 0 0
	-0.1933 -0.2553 0.0261 0 0 0
	0.1444 -0.1333 0 0.2357 -0.6791 -11.3161
3333	0 0 0 0 0 1.3888
	-0.0742 0.2109 0 0 0 -1.4118
	0.0944 -0.2715 -0.0721 7.0366 -5.7294 -5.2655
	0.118 -0.3854 -0.0954 13.2252 35.1541 -8.3548
	-0.23 -0.3074 0.0136 0 0 0
	-0.2114 -0.3223 0.0842 0 0 0
	0.1737 -0.1304 0.0012 0.1085 -0.3126 -13.27
3366	0 0 0 0 0 0.9556
	-0.0911 0.2182 0 0 0 0
	0.1151 -0.2878 -0.1417 10.3457 -2.672 -4.7322
	0.1626 -0.4413 0.0092 15.8961 31.3869 -2.028
	-0.2066 -0.3093 0.0153 0 0 0
	-0.1954 -0.328 0.1156 0 0 0
	0.1718 -0.1105 0.0013 0 0 -12.9113
3400	0 0 0 0 0 3.3242
	0.1158 -0.0996 0 0 0 0
	-0.1917 0.609 0.5496 -4.7332 9.2599 -13.8694
	-0.3279 0.7114 -0.8068 4.9012 -6.9414 -19.2123
	-0.3531 0.1342 0.3483 0 0 0
	-0.3375 0.1342 -0.3255 0 0 0
	-0.1344 0.0585 0.0586 0 -3.9902 -19.7332
3433	0 0 0 0 0 3.2355
	0.0552 0.0376 0 0 0 -3.1383
	-0.0931 0.2239 0.3824 -4.809 -3.1 -11.0355
	-0.1963 0.2916 -0.6653 4.5699 20.1174 -25.4716
	-0.3454 -0.0757 0.1923 0 0 0
	-0.314 -0.0766 -0.189 0 0 0
	0.0163 -0.067 0.0322 0.2412 -2.8562 -17.8638
3466	0 0 0 0 0 2.4598
	-0.0128 0.1571 0 0 0 -5.38
	0.0184 -0.1816 0.1451 -3.8488 -13.9128 -6.0393
	-0.032 -0.1606 -0.3913 3.283 40.9326 -25.8256
	-0.2642 -0.2545 0.0062 0 0 0
	-0.2254 -0.256 -0.0217 0 0 0
	0.1528 -0.1692 0 0.4135 -1.1912 -12.3
3500	0 0 0 0 0 2.3383
	-0.0299 0.1817 0 0 0 -4.6834
	0.0397 -0.2174 0.0971 -1.2185 -12.6622 -6.2326
	0.0056 -0.2308 -0.3387 6.1339 42.1015 -22.9
	-0.2726 -0.2853 0.0086 0 0 0
	-0.2361 -0.2905 0.0049 0 0 0
	0.1684 -0.1701 0 0.3599 -1.0369 -13.3684
3533	0 0 0 0 0 1.8651
	-0.0511 0.1947 0 0 0 -3.0742
	0.0659 -0.2422 0.0147 2.7754 -9.235 -5.7265
	0.0598 -0.304 -0.2191 9.5197 38.4826 -15.7326
	-0.2503 -0.2942 0.0109 0 0 0
	-0.2225 -0.304 0.0431 0 0 0
	0.1699 -0.1498 0.0011 0.2362 -0.6806 -13.237
3566	0 0 0 0 0 1.2713
	-0.0687 0.1945 0 0 0 -1.2729
	0.0874 -0.2506 -0.0678 6.5515 -5.2191 -4.8422
	0.1096 -0.3563 -0.0859 12.2424 32.3238 -7.5733
	-0.2115 -0.2833 0.0125 0 0 0
	-0.1945 -0.2972 0.0782 0 0 0
	0.1601 -0.1198 0.0011 0.0978 -0.2818 -12.223
3600	0 0 0 0 0 0.7877
	-0.0751 0.1798 0 0 0 0
	0.0949 -0.2372 -0.1168 8.5282 -2.2026 -3.9008
	0.134 -0.3637 0.0076 13.1035 25.873 -1.6717
	-0.1703 -0.255 0.0126 0 0 0
	-0.1611 -0.2704 0.0953 0 0 0
	0.1416 -0.0911 0.0011 0 0 -10.6431
3633	0 0 0 0 0 0.9768
	-0.0652 0.1792 0 0 0 3.2808
	-0.0121 -0.1407 0.0128 5.8774 -1.4956 -1.9781
	0.0023 -0.2125 -0.122 17.3439 24.355 -0.7947
	-0.1955 -0.1832 0.0603 0.2805 3.5788 2.7732
	-0.1725 -0.1818 -0.0074 0.5166 0.4484 -1.3288
	0.1276 -0.0701 0.001 1.9122 0.3516 -10.9759
3666	0 0 0 0 0 1.1473
	-0.0426 0.1571 -0.0018 0 0 7.8525
	-0.1724 0.0217 0.2072 1.1769 -0.2504 1.1615
	-0.197 0.0411 -0.3037 21.7056 19.1851 0.6246
	-0.2106 -0.0531 0.1253 0.6715 8.5657 6.6375
	-0.1695 -0.0264 -0.1618 1.2366 1.0734 -3.1805
	0.0914 -0.0302 0 4.5768 0.8415 -10.183
3700	0 0 0 0 0 1.232
	-0.031 0.1455 -0.0026 0 0 10.1653
	-0.2538 0.1043 0.3058 -1.218 0.3838 2.7577
	-0.2982 0.1702 -0.3956 23.8859 16.5181 1.3459
	-0.2179 0.0132 0.1582 0.8693 11.0884 8.5924
	-0.1676 0.0526 -0.24 1.6009 1.3895 -4.1172
	0.0728 -0.0097 0 5.9248 1.0894 -9.7606
3733	0 0 0 0 0 1.1947
	-0.0471 0.1679 -0.0018 0 0 7.8525
	-0.1667 0.0074 0.2002 1.6895 -0.3828 0.9271
	-0.189 0.0192 -0.3032 22.4932 20.7403 0.5241
	-0.2209 -0.0684 0.1261 0.6715 8.5657 6.6375
	-0.1792 -0.0427 -0.156 1.2366 1.0734 -3.1805
	0.0999 -0.0356 0 4.5768 0.8415 -10.8227
3766	0 0 0 0 0 1.0715
	-0.0742 0.2008 0 0 0 3.2808
	0 -0.1693 -0.0012 6.9027 -1.7604 -2.4471
	0.0184 -0.2562 -0.1211 18.9192 27.4655 -0.9957
	-0.216 -0.2138 0.0619 0.2805 3.5788 2.7732
	-0.1919 -0.2143 0.004 0.5166 0.4484 -1.3288
	0.1446 -0.0811 0.0011 1.9122 0.3516 -12.2554
3800	0 0 0 0 0 0.904
	-0.0861 0.2064 0 0 0 0
	0.1089 -0.2723 -0.134 9.7865 -2.5275 -4.4764
	0.1538 -0.4174 0.0087 15.0369 29.6903 -1.9184
	-0.1954 -0.2926 0.0145 0 0 0
	-0.1848 -0.3103 0.1093 0 0 0
	0.1625 -0.1045 0.0012 0 0 -12.2134
3833	0 0 0 0 0 2.1092
	-0.2658 -0.0112 -0.008 0.2212 0 -40.268
	0.2105 -0.2292 -0.1149 5.9886 -13.7472 -0.731
	0.2492 -0.3547 0.0085 16.8691 28.5283 11.9283
	-0.1554 -0.429 0.0943 0 8.0982 -17.5503
	-0.0494 -0.4613 0.0954 0 -1.2231 -14.7027
	0.2038 -0.087 0.0016 0 0 -22.7191
3866	0 0 0 0 0 3.3593
	-0.4595 -0.2936 -0.0185 0.4761 0 -86.6559
	0.3108 -0.1379 -0.0724 0.116 -26.2852 4.2686
	0.3357 -0.2185 0.0068 16.6787 22.6462 28.1731
	-0.0795 -0.5414 0.1841 0 17.4272 -37.768
	0.1347 -0.5877 0.0626 0 -2.632 -31.6399
	0.2266 -0.0508 0.0018 0 0 -32.9524
3900	0 0 0 0 0 3.0548
	-0.4304 -0.3632 -0.0188 0.4761 0 -86.6559
	0.2741 -0.0462 -0.0273 -3.1801 -25.4339 5.7763
	0.2839 -0.0779 0.0039 11.6142 12.6463 28.8193
	-0.0137 -0.4428 0.1792 0 17.4272 -37.768
	0.197 -0.4832 0.0258 0 -2.632 -31.6399
	0.1718 -0.0156 0.0013 0 0 -28.8388
3933	0 0 0 0 0 2.8571
	-0.4116 -0.4083 -0.019 0.4761 0 -86.6559
	0.2502 0.0133 0.002 -5.3209 -24.881 6.7555
	0.2502 0.0133 0.002 8.3249 6.1515 29.2389
	0.029 -0.3788 0.176 0 17.4272 -37.768
	0.2375 -0.4153 0.0018 0 -2.632 -31.6399
	0.1363 0.0072 0.001 0 0 -26.1671
3966	0 0 0 0 0 3.3616
	-0.4142 -0.3761 -0.0189 0.4761 0 -87.7595
	0.254 -0.0239 0.0317 -6.1104 -27.7349 5.5167
	0.2436 -0.0196 -0.0782 8.9984 14.548 23.9413
	-0.0251 -0.431 0.1773 0 17.4272 -37.768
	0.191 -0.4679 -0.0025 0 -2.632 -31.6399
	0.1676 -0.0274 0.0012 0.0848 -0.2443 -28.6902
4000	0 0 0 0 0 4.1019
	-0.4181 -0.3288 -0.0188 0.4761 0 -89.3785
	0.2596 -0.0785 0.0754 -7.2686 -31.9216 3.6993
	0.234 -0.0679 -0.196 9.9863 26.8658 16.1697
	-0.1047 -0.5076 0.1792 0 17.4272 -37.768
	0.1236 -0.5449 -0.0091 0 -2.632 -31.6399
	0.2136 -0.0783 0.0015 0.2092 -0.6028 -32.3917
4033	0 0 0 0 0 4.501
	-0.3678 -0.2254 -0.0162 0.4132 0 -79.6438
	0.2324 -0.1376 0.1209 -7.781 -33.0287 0.9026
	0.1909 -0.1204 -0.3197 9.9238 38.9687 4.1642
	-0.1919 -0.5379 0.1579 0 15.1281 -32.7854
	0.0214 -0.5709 -0.0162 0 -2.2848 -27.4657
	0.2439 -0.1327 0.0016 0.3397 -0.9786 -32.8203
4066	0 0 0 0 0 3.6655
	-0.1624 0.0206 -0.0065 0.172 0 -37.0737
	0.1101 -0.1896 0.156 -6.0427 -23.8838 -4.0233
	0.0561 -0.1671 -0.4181 6.5226 46.0383 -17.0783
	-0.2724 -0.4093 0.0703 0 6.2976 -13.6482
	-0.1559 -0.4242 -0.0225 0 -0.9511 -11.4337
	0.2128 -0.1785 0.0012 0.4426 -1.2751 -22.6223
4100	0 0 0 0 0 2.8815
	-0.0149 0.184 0 0 0 -6.3023
	0.0216 -0.2128 0.17 -4.5086 -16.2978 -7.0746
	-0.0375 -0.1882 -0.4584 3.8458 47.9496 -30.2528
	-0.3095 -0.2981 0.0073 0 0 0
	-0.2653 -0.2999 -0.0254 0 0 0
	0.179 -0.1982 0 0.4844 -1.3954 -14.4086
4133	0 0 0 0 0 2.5065
	-0.0081 0.0768 0.0037 0 0 -15.0345
	-0.0299 -0.1274 0.1455 -1.3839 -14.6902 -6.0586
	-0.074 -0.0973 -0.387 2.2539 37.1663 -21.8183
	-0.2357 -0.2158 0.0737 0 0 0
	-0.198 -0.2044 -0.0797 0 0 0
	0.086 -0.1744 0 -0.2969 -0.9951 -9.3817
4166	0 0 0 0 0 1.6575
	0.0032 -0.0973 0.0085 0 0 -26.9443
	-0.1065 0.0183 0.092 3.6021 -10.6279 -3.8368
	-0.1227 0.0537 -0.235 -0.452 16.4904 -6.4227
	-0.0962 -0.0653 0.1685 0 0 0
	-0.0756 -0.0347 -0.1552 0 0 0
	-0.0672 -0.1189 0 -1.4749 -0.2687 -0.5939
4200	0 0 0 0 0 1.1973
	0.0091 -0.1879 0.0109 0 0 -32.9617
	-0.1457 0.0946 0.0631 6.1882 -8.4028 -2.637
	-0.1472 0.1326 -0.1532 -1.8686 5.4929 1.7151
	-0.0221 0.0142 0.2169 0 0 0
	-0.0103 0.0546 -0.1936 0 0 0
	-0.147 -0.0887 -0.0011 -2.0804 0.1149 4.0243
4233	0 0 0 0 0 1.4261
	0.0066 -0.1505 0.01 0 0 -30.8458
	-0.1307 0.0619 0.0773 5.1352 -9.5561 -3.2248
	-0.1388 0.0995 -0.1928 -1.2644 10.5441 -1.9184
	-0.0559 -0.0213 0.199 0 0 0
	-0.0401 0.0153 -0.1798 0 0 0
	-0.1137 -0.1039 0 -1.8452 -0.0557 2.0172
4266	0 0 0 0 0 1.9317
	0 -0.062 0.0078 0 0 -25.5054
	-0.094 -0.0142 0.1087 2.6314 -12.0693 -4.5304
	-0.1174 0.0217 -0.2811 0.1468 22.023 -10.2614
	-0.1328 -0.103 0.1549 0 0 0
	-0.1072 -0.0753 -0.1454 0 0 0
	-0.0352 -0.1373 0 -1.2755 -0.4481 -2.6377
4300	0 0 0 0 0 2.5088
	-0.0063 0.046 0.0049 0 0 -18.5954
	-0.048 -0.1061 0.1448 -0.4429 -14.8946 -6.0289
	-0.0895 -0.0727 -0.383 1.8508 35.5143 -20.1689
	-0.2235 -0.1999 0.0987 0 0 0
	-0.1865 -0.1837 -0.1012 0 0 0
	0.0602 -0.1753 0 -0.5639 -0.9148 -8.2202
4333	0 0 0 0 0 2.9524
	-0.0126 0.1422 0.0022 0 0 -11.7708
	-0.0049 -0.1859 0.1728 -3.2079 -16.9846 -7.1958
	-0.0615 -0.1559 -0.4631 3.3334 46.6029 -28.4959
	-0.2985 -0.2813 0.0449 0 0 0
	-0.2539 -0.2759 -0.0581 0 0 0
	0.1446 -0.2042 0 0.0967 -1.3081 -13.0102
4366	0 0 0 0 0 3.0572
	-0.0159 0.1952 0 0 0 -6.6865
	0.0229 -0.2257 0.1803 -4.7836 -17.2916 -7.506
	-0.0398 -0.1997 -0.4863 4.0803 50.8734 -32.0975
	-0.3284 -0.3163 0.0078 0 0 0
	-0.2822 -0.3182 -0.0269 0 0 0
	0.1899 -0.2103 0.001 0.5139 -1.4805 -15.2872
4400	0 0 0 0 0 3.2941
	0.0076 0.1523 0 0 0 -5.8507
	-0.0156 -0.0841 0.2601 -5.0671 -13.4056 -9.1507
	-0.0959 -0.0422 -0.5758 4.483 43.2215 -31.6633
	-0.3531 -0.2518 0.0717 0 0 0
	-0.3086 -0.2534 -0.0842 0 0 0
	0.1411 -0.1731 0.0118 0.4496 -2.0385 -17.0512
4433	0 0 0 0 0 3.3556
	0.0454 0.0667 0 0 0 -3.9005
	-0.0773 0.1563 0.3652 -5.0291 -5.707 -10.9383
	-0.1783 0.2199 -0.6653 4.6983 26.393 -27.8104
	-0.3586 -0.121 0.1693 0 0 0
	-0.3226 -0.1221 -0.1697 0 0 0
	0.0472 -0.095 0.0283 0.2997 -2.7509 -18.2508
4466	0 0 0 0 0 3.2111
	0.0812 -0.0245 0 0 0 -1.6716
	-0.1354 0.3918 0.4496 -4.6798 2.493 -12.0852
	-0.2513 0.4737 -0.7154 4.6276 7.609 -22.1659
	-0.342 0.0197 0.2583 0 0 0
	-0.3186 0.0192 -0.2464 0 0 0
	-0.0514 -0.0094 0.0434 0.1284 -3.3072 -18.3467
4500	0 0 0 0 0 2.83
	0.0985 -0.0848 0 0 0 0
	-0.1632 0.5185 0.4679 -4.0296 7.8834 -11.8077
	-0.2791 0.6056 -0.6869 4.1726 -5.9096 -16.3564
	-0.3006 0.1143 0.2965 0 0 0
	-0.2874 0.1142 -0.2771 0 0 0
	-0.1144 0.0498 0.0499 0 -3.3971 -16.7999
4533	0 0 0 0 0 1.9026
	0.0568 -0.1009 0.0034 0 0 -9.5277
	-0.1319 0.3125 0.2756 -0.4275 1.907 -7.2565
	-0.1961 0.3714 -0.422 1.7548 -1.6625 -8.5002
	-0.1717 0.0669 0.2258 0 0 0
	-0.161 0.0786 -0.2084 0 0 0
	-0.1054 0.0017 0.0271 -0.6013 -1.8351 -8.0766
4566	0 0 0 0 0 0.7148
	0.0054 -0.1121 0.0065 0 0 -19.6786
	-0.087 0.0565 0.0377 3.6944 -5.0166 -1.5743
	-0.0878 0.0792 -0.0914 -1.1156 3.2793 1.0239
	-0.0132 0.0084 0.1295 0 0 0
	-0.0061 0.0326 -0.1155 0 0 0
	-0.0878 -0.0529 0 -1.242 0.0686 2.4026
4600	0 0 0 0 0 0.8384
	0.0064 -0.1315 0.0076 0 0 -23.0802
	-0.102 0.0662 0.0442 4.3331 -5.8837 -1.8465
	-0.103 0.0928 -0.1072 -1.3084 3.8462 1.2009
	-0.0155 0.0099 0.1518 0 0 0
	-0.0072 0.0382 -0.1355 0 0 0
	-0.1029 -0.0621 0 -1.4567 0.0804 2.8179
4633	0 0 0 0 0 0.8762
	0.0067 -0.1375 0.008 0 0 -24.1204
	-0.1066 0.0692 0.0462 4.5283 -6.1489 -1.9297
	-0.1077 0.097 -0.1121 -1.3674 4.0196 1.255
	-0.0162 0.0104 0.1587 0 0 0
	-0.0075 0.0399 -0.1416 0 0 0
	-0.1076 -0.0649 0 -1.5224 0.0841 2.9449
4666	0 0 0 0 0 0.822
	0.0063 -0.129 0.0075 0 0 -22.6304
	-0.1 0.0649 0.0433 4.2486 -5.7691 -1.8105
	-0.101 0.091 -0.1052 -1.2829 3.7713 1.1775
	-0.0152 0.0097 0.1489 0 0 0
	-0.007 0.0375 -0.1329 0 0 0
	-0.1009 -0.0609 0 -1.4283 0.0789 2.763
4700	0 0 0 0 0 1.4016
	0.0011 -0.0547 0.006 0 0 -19.6212
	-0.0739 -0.0036 0.0786 2.2055 -8.8171 -3.276
	-0.09 0.0235 -0.2026 -0.0208 15.4491 -6.9205
	-0.0925 -0.0696 0.1202 0 0 0
	-0.0743 -0.048 -0.1122 0 0 0
	-0.0337 -0.0999 0 -1.0093 -0.2996 -1.546
4733	0 0 0 0 0 2.2128
	-0.0062 0.0517 0.0039 0 0 -15.1195
	-0.0358 -0.1013 0.128 -0.7312 -13.0684 -5.3304
	-0.0734 -0.0731 -0.3394 1.7789 31.9338 -18.3928
	-0.2016 -0.1821 0.0781 0 0 0
	-0.1686 -0.1696 -0.0815 0 0 0
	0.0624 -0.1544 0 -0.401 -0.8362 -7.6733
4766	0 0 0 0 0 2.9138
	-0.013 0.1506 0.0017 0 0 -10.4449
	0.001 -0.1906 0.1709 -3.4774 -16.6996 -7.1134
	-0.0556 -0.162 -0.4585 3.4238 46.5514 -28.6754
	-0.2987 -0.2829 0.0361 0 0 0
	-0.2545 -0.2792 -0.0502 0 0 0
	0.1513 -0.2013 0 0.1836 -1.3178 -13.2269
4800	0 0 0 0 0 3.1626
	-0.0164 0.202 0 0 0 -6.9171
	0.0237 -0.2335 0.1865 -4.9485 -17.8879 -7.7648
	-0.0412 -0.2066 -0.5031 4.221 52.6276 -33.2043
	-0.3397 -0.3272 0.008 0 0 0
	-0.2924 -0.3292 -0.0279 0 0 0
	0.1965 -0.2176 0.001 0.5316 -1.5315 -15.8143
4833	0 0 0 0 0 3.1287
	-0.0207 0.2119 0 0 0 -4.5179
	-0.0241 -0.1957 0.2267 -4.7672 -16.367 -6.6361
	-0.0917 -0.159 -0.5338 8.1971 51.3438 -30.2667
	-0.3516 -0.2983 0.036 0.1571 2.0048 1.5535
	-0.298 -0.2929 -0.069 0.2894 0.2512 -0.7444
	0.1937 -0.2017 0.001 1.5597 -1.2103 -16.2959
4866	0 0 0 0 0 2.7992
	-0.0252 0.2077 0 0 0 -0.559
	-0.0928 -0.1222 0.266 -4.0729 -12.6519 -4.371
	-0.1585 -0.0744 -0.5317 13.3578 44.8573 -23.211
	-0.3377 -0.2287 0.0742 0.376 4.7969 3.7171
	-0.2799 -0.2131 -0.1238 0.6925 0.6011 -1.7811
	0.1723 -0.1601 0.001 2.9441 -0.6261 -15.5546
4900	0 0 0 0 0 2.3153
	-0.0295 0.1954 -0.0017 0 0 4.0878
	-0.1698 -0.0319 0.3025 -3.1177 -7.8632 -1.5693
	-0.2309 0.0271 -0.5104 18.9184 35.6932 -14.1453
	-0.3096 -0.1394 0.1162 0.6186 7.8911 6.1148
	-0.2508 -0.1122 -0.1835 1.1392 0.9889 -2.93
	0.1412 -0.1059 0 4.4582 0.0786 -14.1394
4933	0 0 0 0 0 1.8183
	-0.0334 0.1812 -0.0025 0 0 8.5511
	-0.2426 0.056 0.3344 -2.1536 -3.1218 1.169
	-0.2985 0.1254 -0.4837 24.0944 26.3768 -5.1778
	-0.2787 -0.051 0.1556 0.8469 10.8023 8.3706
	-0.2202 -0.013 -0.2393 1.5595 1.3537 -4.011
	0.1093 -0.052 0 5.8758 0.762 -12.5993
4966	0 0 0 0 0 1.4494
	-0.0364 0.1712 -0.0031 0 0 11.9592
	-0.2986 0.1227 0.3598 -1.4329 0.4515 3.2443
	-0.3508 0.2002 -0.4654 28.1011 19.4331 1.5835
	-0.2564 0.0155 0.1861 1.0227 13.0452 10.1087
	-0.1972 0.0619 -0.2824 1.8834 1.6348 -4.8438
	0.0856 -0.0115 0 6.9704 1.2817 -11.4831
5000	0 0 0 0 0 1.5044
	-0.0378 0.1777 -0.0032 0 0 12.413
	-0.3099 0.1274 0.3734 -1.4873 0.4686 3.3674
	-0.3641 0.2078 -0.4831 29.1674 20.1705 1.6435
	-0.2662 0.0161 0.1931 1.0616 13.5403 10.4923
	-0.2047 0.0643 -0.2931 1.9548 1.6968 -5.0276
	0.0889 -0.0119 0 7.2349 1.3303 -11.9189
5033	0 0 0 0 0 1.3588
	-0.0342 0.1605 -0.0029 0 0 11.2117
	-0.2799 0.1151 0.3373 -1.3434 0.4233 3.0415
	-0.3288 0.1877 -0.4363 26.3448 18.2185 1.4845
	-0.2404 0.0145 0.1744 0.9588 12.2299 9.4769
	-0.1849 0.058 -0.2648 1.7656 1.5326 -4.5411
	0.0803 -0.0108 0 6.5347 1.2016 -10.7654
5066	0 0 0 0 0 1.2669
	-0.0437 0.1683 -0.0021 0 0 9.0578
	-0.2057 0.042 0.2474 0.7452 -0.1307 1.6199
	-0.2369 0.0735 -0.3509 24.0963 20.2722 0.8404
	-0.2308 -0.0429 0.1436 0.7746 9.8804 7.6563
	-0.184 -0.0111 -0.1934 1.4264 1.2381 -3.6687
	0.0952 -0.0282 0 5.2793 0.9707 -10.9818
5100	0 0 0 0 0 1.1634
	-0.0569 0.1808 -0.0012 0 0 6.3516
	-0.1111 -0.0533 0.1327 3.4996 -0.8605 -0.2257
	-0.1193 -0.0753 -0.2434 21.4714 23.2472 0.0058
	-0.2213 -0.1191 0.1051 0.5432 6.9285 5.3688
	-0.1852 -0.1022 -0.1024 1.0003 0.8682 -2.5726
	0.1162 -0.0516 0 3.702 0.6807 -11.4161
5133	0 0 0 0 0 1.0565
	-0.0701 0.1931 0 0 0 3.6013
	-0.0151 -0.1497 0.0163 6.2806 -1.5975 -2.0932
	0 -0.226 -0.1341 18.7754 26.2154 -0.8389
	-0.2112 -0.196 0.066 0.3079 3.9283 3.044
	-0.1862 -0.1941 -0.01 0.5671 0.4922 -1.4586
	0.1372 -0.0752 0.001 2.099 0.3859 -11.8346
5166	0 0 0 0 0 0.9544
	-0.0798 0.2003 0 0 0 1.3147
	0.063 -0.2259 -0.0783 8.4494 -2.1733 -3.5802
	0.0967 -0.3451 -0.0434 16.3139 28.2484 -1.5131
	-0.2 -0.2556 0.0332 0.1124 1.4341 1.1113
	-0.1842 -0.2661 0.0651 0.207 0.1797 -0.5325
	0.1523 -0.0932 0.0012 0.7663 0.1409 -12.0038
5200	0 0 0 0 0 0.8652
	-0.0825 0.1975 0 0 0 0
	0.1042 -0.2606 -0.1283 9.367 -2.4192 -4.2845
	0.1472 -0.3995 0.0083 14.3924 28.4179 -1.8362
	-0.187 -0.2801 0.0139 0 0 0
	-0.1769 -0.297 0.1046 0 0 0
	0.1555 -0.1001 0.0012 0 0 -11.6899
5233	0 0 0 0 0 0.8511
	-0.0811 0.1943 0 0 0 0
	0.1025 -0.2563 -0.1262 9.2138 -2.3796 -4.2145
	0.1448 -0.393 0.0082 14.157 27.9531 -1.8061
	-0.184 -0.2755 0.0136 0 0 0
	-0.174 -0.2921 0.1029 0 0 0
	0.153 -0.0984 0.0012 0 0 -11.4987
5266	0 0 0 0 0 0.8116
	-0.0773 0.1853 0 0 0 0
	0.0978 -0.2444 -0.1203 8.7863 -2.2692 -4.0189
	0.138 -0.3748 0.0078 13.5001 26.6561 -1.7223
	-0.1754 -0.2627 0.013 0 0 0
	-0.1659 -0.2786 0.0981 0 0 0
	0.1459 -0.0939 0.0011 0 0 -10.9652
5300	0 0 0 0 0 0.7512
	-0.0716 0.1715 0 0 0 0
	0.0905 -0.2262 -0.1114 8.1325 -2.1004 -3.7199
	0.1278 -0.3469 0.0072 12.4956 24.6726 -1.5942
	-0.1624 -0.2431 0.012 0 0 0
	-0.1536 -0.2578 0.0908 0 0 0
	0.135 -0.0869 0.001 0 0 -10.1493
5333	0 0 0 0 0 0.6743
	-0.0643 0.1539 0 0 0 0
	0.0812 -0.2031 -0.1 7.3005 -1.8855 -3.3393
	0.1147 -0.3114 0.0065 11.2173 22.1485 -1.4311
	-0.1457 -0.2183 0.0108 0 0 0
	-0.1379 -0.2315 0.0815 0 0 0
	0.1212 -0.078 0 0 0 -9.111
5366	0 0 0 0 0 0.5855
	-0.0558 0.1336 0 0 0 0
	0.0705 -0.1763 -0.0868 6.3385 -1.637 -2.8992
	0.0996 -0.2703 0.0056 9.7391 19.2298 -1.2425
	-0.1265 -0.1895 0.0094 0 0 0
	-0.1197 -0.201 0.0708 0 0 0
	0.1052 -0.0677 0 0 0 -7.9103
5400	0 0 0 0 0 0.489
	-0.0466 0.1116 0 0 0 0
	0.0589 -0.1473 -0.0725 5.2944 -1.3674 -2.4217
	0.0832 -0.2258 0.0047 8.1348 16.0623 -1.0378
	-0.1057 -0.1583 0.0078 0 0 0
	-0.1 -0.1678 0.0591 0 0 0
	0.0879 -0.0565 0 0 0 -6.6073
5433	0 0 0 0 0 0.3894
	-0.0371 0.0889 0 0 0 0
	0.0469 -0.1173 -0.0577 4.2164 -1.0889 -1.9286
	0.0662 -0.1798 0.0037 6.4784 12.7917 -0.8265
	-0.0842 -0.126 0.0062 0 0 0
	-0.0796 -0.1337 0.0471 0 0 0
	0.07 -0.045 0 0 0 -5.262
5466	0 0 0 0 0 0.2912
	-0.0277 0.0664 0 0 0 0
	0.0351 -0.0877 -0.0431 3.1525 -0.8142 -1.4419
	0.0495 -0.1344 0.0028 4.8438 9.5641 -0.6179
	-0.0629 -0.0942 0.0046 0 0 0
	-0.0595 -0.0999 0.0352 0 0 0
	0.0523 -0.0336 0 0 0 -3.9343
5500	0 0 0 0 0 0.1986
	-0.0189 0.0453 0 0 0 0
	0.0239 -0.0598 -0.0294 2.1508 -0.5555 -0.9838
	0.0338 -0.0917 0.0019 3.3047 6.5253 -0.4216
	-0.0429 -0.0643 0.0031 0 0 0
	-0.0406 -0.0682 0.024 0 0 0
	0.0357 -0.0229 0 0 0 -2.6842
5533	0 0 0 0 0 0.1163
	-0.011 0.0265 0 0 0 0
	0.014 -0.035 -0.0172 1.2595 -0.3252 -0.5761
	0.0197 -0.0537 0.0011 1.9352 3.821 -0.2468
	-0.0251 -0.0376 0.0018 0 0 0
	-0.0237 -0.0399 0.014 0 0 0
	0.0209 -0.0134 0 0 0 -1.5718
5566	0 0 0 0 0 0.0486
	-0.0046 0.0111 0 0 0 0
	0.0058 -0.0146 -0.0072 0.5265 -0.1359 -0.2408
	0.0082 -0.0224 0 0.8089 1.5973 -0.1032
	-0.0105 -0.0157 0 0 0 0
	-0.0099 -0.0166 0.0058 0 0 0
	0.0087 -0.0056 0 0 0 -0.657
5600	0 0 0 0 0 0
	0 0 0 0 0 0
	0 0 0 0 0 0
	0 0 0 0 0 0
	0 0 0 0 0 0
	0 0 0 0 0 0
	0 0 0 0 0 0
5633	0 0 0 0 0 0.1596
	0.0055 -0.0047 0 0 0 0
	-0.0092 0.0292 0.0263 -0.2272 0.4446 -0.6659
	-0.0157 0.0341 -0.0387 0.2353 -0.3333 -0.9225
	-0.0169 0.0064 0.0167 0 0 0
	-0.0162 0.0064 -0.0156 0 0 0
	-0.0064 0.0028 0.0028 0 -0.1916 -0.9475
5666	0 0 0 0 0 0.3918
	0.0136 -0.0117 0 0 0 0
	-0.0226 0.0717 0.0647 -0.5578 1.0913 -1.6346
	-0.0386 0.0838 -0.095 0.5776 -0.8181 -2.2644
	-0.0416 0.0158 0.041 0 0 0
	-0.0397 0.0158 -0.0383 0 0 0
	-0.0158 0.0069 0.0069 0 -0.4703 -2.3257
5700	0 0 0 0 0 0.678
	0.0236 -0.0203 0 0 0 0
	-0.0391 0.1242 0.1121 -0.9654 1.8887 -2.8289
	-0.0668 0.1451 -0.1645 0.9996 -1.4158 -3.9186
	-0.072 0.0273 0.071 0 0 0
	-0.0688 0.0273 -0.0664 0 0 0
	-0.0274 0.0119 0.0119 0 -0.8138 -4.0249
5733	0 0 0 0 0 0.9998
	0.0348 -0.0299 0 0 0 0
	-0.0576 0.1831 0.1653 -1.4236 2.7851 -4.1715
	-0.0986 0.2139 -0.2426 1.4741 -2.0878 -5.7785
	-0.1062 0.0403 0.1047 0 0 0
	-0.1015 0.0403 -0.0979 0 0 0
	-0.0404 0.0176 0.0176 0 -1.2001 -5.9352
5766	0 0 0 0 0 1.3387
	0.0466 -0.0401 0 0 0 0
	-0.0772 0.2452 0.2213 -1.9061 3.7291 -5.5854
	-0.132 0.2864 -0.3249 1.9738 -2.7954 -7.7371
	-0.1422 0.054 0.1402 0 0 0
	-0.1359 0.054 -0.1311 0 0 0
	-0.0541 0.0235 0.0236 0 -1.6069 -7.9469
5800	0 0 0 0 0 1.6762
	0.0583 -0.0502 0 0 0 0
	-0.0967 0.3071 0.2771 -2.3866 4.6692 -6.9934
	-0.1653 0.3587 -0.4068 2.4713 -3.5001 -9.6875
	-0.178 0.0677 0.1756 0 0 0
	-0.1702 0.0676 -0.1641 0 0 0
	-0.0677 0.0295 0.0295 0 -2.012 -9.9502
5833	0 0 0 0 0 1.9937
	0.0694 -0.0597 0 0 0 0
	-0.115 0.3653 0.3296 -2.8388 5.5538 -8.3184
	-0.1966 0.4266 -0.4839 2.9396 -4.1632 -11.523
	-0.2118 0.0805 0.2089 0 0 0
	-0.2024 0.0805 -0.1952 0 0 0
	-0.0806 0.0351 0.0351 0 -2.3932 -11.8354
5866	0 0 0 0 0 2.2729
	0.0791 -0.0681 0 0 0 0
	-0.1311 0.4164 0.3758 -3.2364 6.3315 -9.4833
	-0.2242 0.4864 -0.5516 3.3512 -4.7462 -13.1366
	-0.2414 0.0918 0.2381 0 0 0
	-0.2308 0.0917 -0.2226 0 0 0
	-0.0919 0.04 0.0401 0 -2.7283 -13.4927
5900	0 0 0 0 0 2.4952
	0.0869 -0.0747 0 0 0 0
	-0.1439 0.4571 0.4126 -3.5529 6.9508 -10.4108
	-0.2461 0.534 -0.6056 3.679 -5.2104 -14.4214
	-0.265 0.1008 0.2614 0 0 0
	-0.2534 0.1007 -0.2444 0 0 0
	-0.1009 0.0439 0.044 0 -2.9952 -14.8124
5933	0 0 0 0 0 2.6422
	0.092 -0.0791 0 0 0 0
	-0.1524 0.4841 0.4369 -3.7621 7.3601 -11.0239
	-0.2606 0.5654 -0.6413 3.8956 -5.5173 -15.2707
	-0.2807 0.1067 0.2768 0 0 0
	-0.2683 0.1066 -0.2587 0 0 0
	-0.1068 0.0465 0.0466 0 -3.1716 -15.6847
5966	0 0 0 0 0 2.6953
	0.0938 -0.0807 0 0 0 0
	-0.1555 0.4938 0.4456 -3.8377 7.508 -11.2454
	-0.2658 0.5768 -0.6541 3.9739 -5.6281 -15.5775
	-0.2863 0.1088 0.2824 0 0 0
	-0.2737 0.1088 -0.2639 0 0 0
	-0.109 0.0475 0.0475 0 -3.2353 -15.9999
6000	0 0 0 0 0 2.5743
	0.0799 -0.0532 0 0 0 1.3346
	-0.1725 0.4557 0.439 -3.5951 6.7709 -9.7038
	-0.2771 0.5386 -0.6375 6.6932 -2.8691 -13.7669
	-0.2849 0.0992 0.2735 0.1141 1.4558 1.1281
	-0.267 0.1043 -0.2678 0.2101 0.1824 -0.5405
	-0.088 0.0412 0.0426 0.7779 -2.7529 -15.6032
6033	0 0 0 0 0 2.1853
	0.0493 0 0 0 0 3.6795
	-0.1922 0.3564 0.3983 -2.9175 4.9841 -6.2588
	-0.2795 0.4338 -0.5653 11.2105 2.347 -9.5655
	-0.2636 0.075 0.2395 0.3146 4.0137 3.1102
	-0.2373 0.0893 -0.2572 0.5794 0.5029 -1.4903
	-0.0439 0.0271 0.0309 2.1446 -1.6935 -13.8583
6066	0 0 0 0 0 1.6996
	0.0134 0.0618 -0.0014 0 0 6.2839
	-0.211 0.2363 0.3441 -2.0885 2.85 -2.2086
	-0.2768 0.3059 -0.4722 16.1486 8.2525 -4.5889
	-0.2344 0.046 0.196 0.5374 6.8546 5.3116
	-0.1989 0.0704 -0.2402 0.9896 0.859 -2.5452
	0.007 0.0104 0.0169 3.6626 -0.4524 -11.6018
6100	0 0 0 0 0 1.2884
	-0.0161 0.1121 -0.0021 0 0 8.3971
	-0.2252 0.1358 0.2974 -1.3916 1.0712 1.1484
	-0.273 0.1985 -0.3925 20.1303 13.0796 -0.4528
	-0.2088 0.0218 0.159 0.7181 9.1597 7.0978
	-0.166 0.0544 -0.2248 1.3224 1.1478 -3.4011
	0.0492 -0.0033 0.0052 4.8943 0.5749 -9.67
6133	0 0 0 0 0 1.1233
	-0.0282 0.1327 -0.0024 0 0 9.2683
	-0.2314 0.0951 0.2788 -1.1105 0.3499 2.5143
	-0.2718 0.1551 -0.3607 21.7783 15.0606 1.2272
	-0.1987 0.012 0.1442 0.7926 10.11 7.8342
	-0.1528 0.048 -0.2189 1.4596 1.2669 -3.754
	0.0663 -0.0089 0 5.402 0.9933 -8.8994
6166	0 0 0 0 0 2.7851
	0.097 -0.0834 0 0 0 0
	-0.1606 0.5103 0.4605 -3.9657 7.7583 -11.6203
	-0.2747 0.596 -0.676 4.1064 -5.8158 -16.0968
	-0.2958 0.1125 0.2918 0 0 0
	-0.2828 0.1124 -0.2727 0 0 0
	-0.1126 0.049 0.0491 0 -3.3432 -16.5332
6200	0 0 0 0 0 3.2343
	0.1126 -0.0969 0 0 0 0
	-0.1866 0.5926 0.5348 -4.6053 9.0096 -13.4945
	-0.319 0.6921 -0.785 4.7687 -6.7538 -18.693
	-0.3436 0.1306 0.3389 0 0 0
	-0.3284 0.1306 -0.3167 0 0 0
	-0.1308 0.057 0.057 0 -3.8824 -19.1998
6233	0 0 0 0 0 3.1171
	0.0825 -0.0323 0 0 0 -1.4237
	-0.1374 0.4037 0.4462 -4.5301 3.1879 -11.8878
	-0.2517 0.4852 -0.7021 4.505 5.6827 -21.088
	-0.3319 0.0322 0.26 0 0 0
	-0.3103 0.0318 -0.2473 0 0 0
	-0.0592 -0.0013 0.0437 0.1094 -3.2756 -17.895
6266	0 0 0 0 0 2.91
	0.0438 0.0476 0 0 0 -3.1421
	-0.0742 0.1638 0.3284 -4.3459 -4.0213 -9.6747
	-0.164 0.2214 -0.5861 4.0898 20.8298 -23.5991
	-0.3108 -0.0891 0.158 0 0 0
	-0.2809 -0.09 -0.1569 0 0 0
	0.0296 -0.0728 0.0264 0.2415 -2.4643 -15.9304
6300	0 0 0 0 0 2.6978
	0.008 0.1204 0 0 0 -4.6921
	-0.0157 -0.0571 0.2179 -4.1435 -10.5948 -7.5724
	-0.0824 -0.0218 -0.4754 3.6779 34.5453 -25.717
	-0.2891 -0.1996 0.0633 0 0 0
	-0.2523 -0.201 -0.073 0 0 0
	0.1109 -0.1378 0.0104 0.3606 -1.7021 -14.0073
6333	0 0 0 0 0 2.5652
	-0.0133 0.1638 0 0 0 -5.6105
	0.0192 -0.1894 0.1513 -4.0138 -14.509 -6.2981
	-0.0334 -0.1675 -0.4081 3.4237 42.6869 -26.9324
	-0.2756 -0.2654 0.0065 0 0 0
	-0.2353 -0.267 -0.0226 0 0 0
	0.1594 -0.1765 0 0.4312 -1.2422 -12.8272
6366	0 0 0 0 0 2.7392
	-0.0142 0.1749 0 0 0 -5.9911
	0.0205 -0.2022 0.1616 -4.286 -15.4931 -6.7253
	-0.0356 -0.1789 -0.4357 3.6559 45.5822 -28.7591
	-0.2942 -0.2834 0.007 0 0 0
	-0.2518 -0.2851 -0.0241 0 0 0
	0.1702 -0.1885 0 0.4604 -1.3265 -13.6972
6400	0 0 0 0 0 2.8533
	-0.0148 0.1822 0 0 0 -6.2407
	0.0213 -0.2107 0.1683 -4.4646 -16.1387 -7.0055
	-0.0371 -0.1864 -0.4539 3.8083 47.4815 -29.9575
	-0.3065 -0.2952 0.0072 0 0 0
	-0.2626 -0.297 -0.0251 0 0 0
	0.1773 -0.1963 0 0.4796 -1.3818 -14.2679
6433	0 0 0 0 0 2.9108
	-0.0151 0.1859 0 0 0 -6.3664
	0.0218 -0.2149 0.1717 -4.5546 -16.4638 -7.1466
	-0.0379 -0.1901 -0.4631 3.885 48.4379 -30.5609
	-0.3127 -0.3012 0.0074 0 0 0
	-0.2681 -0.303 -0.0256 0 0 0
	0.1808 -0.2003 0 0.4893 -1.4096 -14.5553
6466	0 0 0 0 0 2.9148
	-0.0151 0.1861 0 0 0 -6.3752
	0.0218 -0.2152 0.1719 -4.5608 -16.4864 -7.1565
	-0.0379 -0.1904 -0.4637 3.8903 48.5044 -30.6028
	-0.3131 -0.3016 0.0074 0 0 0
	-0.2685 -0.3034 -0.0257 0 0 0
	0.1811 -0.2005 0 0.49 -1.4115 -14.5753
6500	0 0 0 0 0 2.8685
	-0.0149 0.1832 0 0 0 -6.2739
	0.0215 -0.2118 0.1692 -4.4884 -16.2245 -7.0428
	-0.0373 -0.1873 -0.4563 3.8285 47.734 -30.1168
	-0.3081 -0.2968 0.0073 0 0 0
	-0.2641 -0.2986 -0.0253 0 0 0
	0.1782 -0.1974 0 0.4822 -1.3891 -14.3438
6533	0 0 0 0 0 2.7751
	-0.0144 0.1772 0 0 0 -6.0696
	0.0208 -0.2049 0.1637 -4.3422 -15.6963 -6.8135
	-0.0361 -0.1812 -0.4415 3.7039 46.1799 -29.1362
	-0.2981 -0.2871 0.007 0 0 0
	-0.2552 -0.2888 -0.0244 0 0 0
	0.1724 -0.1909 0 0.4665 -1.3439 -13.8768
6566	0 0 0 0 0 2.6378
	-0.0137 0.1684 0 0 0 -5.7693
	0.0197 -0.1948 0.1556 -4.1274 -14.9197 -6.4764
	-0.0343 -0.1723 -0.4196 3.5206 43.8951 -27.6947
	-0.2834 -0.2729 0.0067 0 0 0
	-0.2422 -0.2746 -0.0232 0 0 0
	0.1639 -0.1815 0 0.4434 -1.2774 -13.1902
6600	0 0 0 0 0 2.4598
	-0.0128 0.1571 0 0 0 -5.38
	0.0184 -0.1816 0.1451 -3.8488 -13.9128 -6.0393
	-0.032 -0.1606 -0.3913 3.283 40.9326 -25.8256
	-0.2642 -0.2545 0.0062 0 0 0
	-0.2254 -0.256 -0.0217 0 0 0
	0.1528 -0.1692 0 0.4135 -1.1912 -12.3
6633	0 0 0 0 0 2.1718
	-0.0095 0.1613 0.0027 0 0 -4.5606
	0.007 -0.1846 0.1229 -3.2131 -11.8628 -4.7377
	-0.0342 -0.1678 -0.3383 3.2186 35.2027 -21.6867
	-0.2626 -0.2433 0.0196 0 0 0
	-0.2291 -0.2462 -0.0383 0 0 0
	0.1494 -0.1614 0 0.3505 -1.0098 -12.3411
6666	0 0 0 0 0 1.7048
	-0.0042 0.169 0.0067 0 0 -3.2246
	-0.0116 -0.1903 0.0868 -2.1751 -8.5221 -2.6047
	-0.038 -0.1803 -0.2521 3.1258 25.874 -14.9322
	-0.261 -0.2258 0.0418 0 0 0
	-0.2368 -0.2309 -0.066 0 0 0
	0.1443 -0.1492 0 0.2478 -0.7139 -12.462
6700	0 0 0 0 0 1.1923
	0.0015 0.1772 0.0112 0 0 -1.7603
	-0.0321 -0.1963 0.0471 -1.0378 -4.8601 -0.2693
	-0.0421 -0.1939 -0.1575 3.0212 15.6458 -7.5302
	-0.259 -0.2065 0.066 0 0 0
	-0.2455 -0.214 -0.0963 0 0 0
	0.1386 -0.1358 0 0.1353 -0.3897 -12.5815
6733	0 0 0 0 0 0.768
	0.0062 0.1831 0.0147 0 0 -0.556
	-0.0486 -0.2003 0.0145 -0.104 -1.846 1.6392
	-0.0452 -0.204 -0.0796 2.9213 7.2174 -1.449
	-0.2561 -0.1897 0.0855 0 0 0
	-0.2511 -0.1992 -0.1205 0 0 0
	0.1333 -0.1241 0.001 0.0427 -0.1231 -12.6189
6766	0 0 0 0 0 0.5657
	0.0083 0.1837 0.0162 0 0 0
	-0.0556 -0.1999 0 0.3234 -0.4493 2.4919
	-0.0462 -0.2063 -0.0431 2.8427 3.2883 1.3433
	-0.2519 -0.1799 0.0934 0 0 0
	-0.2506 -0.1902 -0.1302 0 0 0
	0.1294 -0.1174 0.001 0 0 -12.4932
6800	0 0 0 0 0 0.7845
	0.0057 0.1785 0.0141 0 0 -0.6388
	-0.0462 -0.1956 0.0168 -0.1754 -2.0432 1.4521
	-0.044 -0.1987 -0.0839 2.8645 7.7234 -1.8973
	-0.2506 -0.1869 0.082 0 0 0
	-0.2452 -0.1959 -0.1159 0 0 0
	0.1308 -0.1223 0 0.0491 -0.1414 -12.3364
6833	0 0 0 0 0 1.3189
	0 0.1685 0.0094 0 0 -2.1776
	-0.0243 -0.1877 0.0584 -1.373 -5.8881 -1.0205
	-0.0393 -0.1829 -0.183 2.9532 18.447 -9.6855
	-0.2509 -0.2058 0.0559 0 0 0
	-0.2344 -0.2123 -0.0832 0 0 0
	0.1358 -0.1356 0 0.1673 -0.4821 -12.1175
6866	0 0 0 0 0 1.8447
	-0.0069 0.1527 0.004 0 0 -3.7419
	0 -0.1736 0.1008 -2.6005 -9.7831 -3.6109
	-0.0332 -0.1605 -0.2823 2.956 29.2481 -17.6447
	-0.2434 -0.2196 0.0264 0 0 0
	-0.2156 -0.2231 -0.0459 0 0 0
	0.1369 -0.1455 0 0.2876 -0.8285 -11.5111
6900	0 0 0 0 0 2.0381
	-0.0106 0.1301 0 0 0 -4.4577
	0.0152 -0.1505 0.1202 -3.189 -11.5277 -5.004
	-0.0265 -0.1331 -0.3242 2.7202 33.9156 -21.3983
	-0.2189 -0.2109 0.0052 0 0 0
	-0.1863 -0.2121 -0.0179 0 0 0
	0.1266 -0.1402 0 0.3426 -0.987 -10.1914
6933	0 0 0 0 0 1.7986
	-0.0066 0.0677 0.0021 0 0 -9.342
	-0.0141 -0.1001 0.1047 -1.3774 -10.4637 -4.362
	-0.0468 -0.0799 -0.2795 1.7826 27.3578 -16.3374
	-0.1742 -0.1615 0.0427 0 0 0
	-0.1467 -0.1552 -0.0484 0 0 0
	0.0722 -0.1249 0 -0.1043 -0.7471 -7.2094
6966	0 0 0 0 0 1.1901
	0 -0.0367 0.0047 0 0 -15.5473
	-0.0571 -0.0097 0.067 1.5768 -7.4272 -2.7929
	-0.0716 0.0122 -0.1734 0.1095 13.6485 -6.4011
	-0.0824 -0.0642 0.0942 0 0 0
	-0.0668 -0.0474 -0.0885 0 0 0
	-0.0205 -0.0846 0 -0.7733 -0.2799 -1.6803
7000	0 0 0 0 0 0.6612
	0.005 -0.1037 0.006 0 0 -18.2027
	-0.0805 0.0522 0.0349 3.4174 -4.6403 -1.4562
	-0.0812 0.0732 -0.0846 -1.0319 3.0334 0.9471
	-0.0122 0.0078 0.1197 0 0 0
	-0.0057 0.0301 -0.1069 0 0 0
	-0.0812 -0.049 0 -1.1489 0.0634 2.2224
7033	0 0 0 0 0 0.5387
	0.0041 -0.0845 0.0049 0 0 -14.8318
	-0.0656 0.0425 0.0284 2.7845 -3.781 -1.1866
	-0.0662 0.0596 -0.0689 -0.8408 2.4716 0.7717
	-0.0099 0.0064 0.0976 0 0 0
	-0.0046 0.0245 -0.0871 0 0 0
	-0.0661 -0.0399 0 -0.9361 0.0517 1.8108
7066	0 0 0 0 0 0.2693
	0.002 -0.0422 0.0024 0 0 -7.4159
	-0.0328 0.0212 0.0142 1.3922 -1.8905 -0.5933
	-0.0331 0.0298 -0.0344 -0.4204 1.2358 0.3858
	-0.0049 0.0032 0.0488 0 0 0
	-0.0023 0.0122 -0.0435 0 0 0
	-0.033 -0.0199 0 -0.468 0.0258 0.9054
7100	0 0 0 0 0 0
	0 0 0 0 0 0
	0 0 0 0 0 0
	0 0 0 0 0 0
	0 0 0 0 0 0
	0 0 0 0 0 0
	0 0 0 0 0 0
