7
3133
Face_Jaw
Face_LowerLip
Face_LCorner
Face_RCorner
Face_LLower
Face_RLower
Face_UpperLip
0	0 0 0 0 0 0
	0 0 0 0 0 0
	0 0 0 0 0 0
	0 0 0 0 0 0
	0 0 0 0 0 0
	0 0 0 0 0 0
	0 0 0 0 0 0
33	0 0 0 0 0 2.0864
	-0.0108 0.1332 0 0 0 -4.5634
	0.0156 -0.154 0.1231 -3.2646 -11.801 -5.1226
	-0.0271 -0.1363 -0.3319 2.7847 34.7196 -21.9056
	-0.2241 -0.2159 0.0053 0 0 0
	-0.1908 -0.2172 -0.0184 0 0 0
	0.1296 -0.1435 0 0.3507 -1.0104 -10.433
66	0 0 0 0 0 3.3383
	-0.0173 0.2132 0 0 0 -7.3014
	0.025 -0.2465 0.1969 -5.2234 -18.8816 -8.1962
	-0.0434 -0.218 -0.5311 4.4555 55.5514 -35.049
	-0.3586 -0.3454 0.0085 0 0 0
	-0.3096 -0.3475 -0.0294 0 0 0
	0.2074 -0.2297 0.0011 0.5612 -1.6166 -16.6929
100	0 0 0 0 0 2.1887
	0 0.2181 -0.0015 0 0 -3.7339
	-0.0241 -0.2635 0.1195 -1.1606 -8.3938 2.5332
	-0.0351 -0.2537 -0.4431 11.6294 49.863 -20.5771
	-0.3444 -0.3455 0.0845 0 0 0
	-0.2909 -0.33 -0.0726 0 0 0
	0.1634 -0.2289 0.001 0.287 -0.8267 -9.2534
133	0 0 0 0 0 0.8559
	0.0151 0.1939 -0.003 0 0 0
	-0.0657 -0.2444 0.0334 2.6857 2.244 11.9551
	-0.023 -0.2528 -0.3048 16.6238 38.1401 -4.7164
	-0.2863 -0.3002 0.1425 0 0 0
	-0.2399 -0.2707 -0.1024 0 0 0
	0.102 -0.198 0 0 0 -1.2739
166	0 0 0 0 0 2.8815
	-0.0149 0.184 0 0 0 -6.3023
	0.0216 -0.2128 0.17 -4.5086 -16.2978 -7.0746
	-0.0375 -0.1882 -0.4584 3.8458 47.9496 -30.2528
	-0.3095 -0.2981 0.0073 0 0 0
	-0.2653 -0.2999 -0.0254 0 0 0
	0.179 -0.1982 0 0.4844 -1.3954 -14.4086
200	0 0 0 0 0 3.2732
	-0.017 0.209 0 0 0 -7.1591
	0.0245 -0.2417 0.1931 -5.1216 -18.5135 -8.0364
	-0.0426 -0.2138 -0.5207 4.3686 54.4684 -34.3657
	-0.3516 -0.3387 0.0083 0 0 0
	-0.3032 -0.3407 -0.0288 0 0 0
	0.2034 -0.2252 0.001 0.5502 -1.5851 -16.3674
233	0 0 0 0 0 3.3211
	-0.0172 0.2121 0 0 0 -7.2638
	0.0248 -0.2452 0.1959 -5.1966 -18.7845 -8.154
	-0.0432 -0.2169 -0.5283 4.4326 55.2655 -34.8686
	-0.3568 -0.3436 0.0084 0 0 0
	-0.3079 -0.3457 -0.0293 0 0 0
	0.2063 -0.2285 0.001 0.5583 -1.6083 -16.607
266	0 0 0 0 0 3.2107
	-0.0167 0.205 0 0 0 -7.0223
	0.024 -0.2371 0.1894 -5.0238 -18.1599 -7.8829
	-0.0418 -0.2097 -0.5108 4.2852 53.428 -33.7093
	-0.3449 -0.3322 0.0082 0 0 0
	-0.2971 -0.3342 -0.0283 0 0 0
	0.1995 -0.2209 0.001 0.5397 -1.5548 -16.0548
300	0 0 0 0 0 3.1274
	-0.0162 0.1997 0 0 0 -6.8403
	0.0234 -0.2309 0.1845 -4.8935 -17.6891 -7.6785
	-0.0407 -0.2043 -0.4975 4.1741 52.0429 -32.8354
	-0.336 -0.3236 0.0079 0 0 0
	-0.289 -0.3255 -0.0276 0 0 0
	0.1943 -0.2152 0.001 0.5257 -1.5145 -15.6386
333	0 0 0 0 0 3.1521
	-0.0164 0.2013 0 0 0 -6.8942
	0.0236 -0.2327 0.1859 -4.9321 -17.8286 -7.7391
	-0.041 -0.2059 -0.5014 4.207 52.4533 -33.0943
	-0.3386 -0.3261 0.008 0 0 0
	-0.2914 -0.3281 -0.0278 0 0 0
	0.1958 -0.2169 0.001 0.5299 -1.5264 -15.7619
366	0 0 0 0 0 3.1981
	-0.0166 0.2042 0 0 0 -6.9949
	0.0239 -0.2361 0.1886 -5.0042 -18.089 -7.8521
	-0.0416 -0.2089 -0.5088 4.2685 53.2194 -33.5777
	-0.3436 -0.3309 0.0081 0 0 0
	-0.2959 -0.3329 -0.0282 0 0 0
	0.1987 -0.22 0.001 0.5376 -1.5487 -15.9921
400	0 0 0 0 0 3.2002
	-0.0166 0.2044 0 0 0 -6.9995
	0.0239 -0.2363 0.1888 -5.0074 -18.1008 -7.8572
	-0.0416 -0.209 -0.5091 4.2713 53.2541 -33.5996
	-0.3438 -0.3311 0.0081 0 0 0
	-0.2961 -0.3331 -0.0282 0 0 0
	0.1988 -0.2202 0.001 0.5379 -1.5498 -16.0026
433	0 0 0 0 0 3.093
	-0.016 0.1975 0 0 0 -6.765
	0.0231 -0.2284 0.1824 -4.8397 -17.4944 -7.594
	-0.0403 -0.202 -0.492 4.1282 51.4701 -32.474
	-0.3323 -0.32 0.0079 0 0 0
	-0.2857 -0.3219 -0.0272 0 0 0
	0.1922 -0.2128 0.001 0.5199 -1.4978 -15.4665
466	0 0 0 0 0 2.8112
	-0.0146 0.1795 0 0 0 -6.1485
	0.021 -0.2076 0.1658 -4.3987 -15.9003 -6.902
	-0.0366 -0.1836 -0.4472 3.752 46.7801 -29.5149
	-0.302 -0.2909 0.0071 0 0 0
	-0.2586 -0.2926 -0.0248 0 0 0
	0.1746 -0.1934 0 0.4725 -1.3613 -14.0572
500	0 0 0 0 0 2.1321
	-0.0081 0.1741 0.0044 0 0 -4.3452
	0 -0.1981 0.117 -3.0254 -11.3525 -4.2371
	-0.0377 -0.1828 -0.3271 3.3824 33.9055 -20.5132
	-0.2782 -0.2518 0.029 0 0 0
	-0.246 -0.2557 -0.051 0 0 0
	0.1567 -0.1669 0 0.3339 -0.9621 -13.1464
533	0 0 0 0 0 1.1532
	0.001 0.1662 0.0102 0 0 -1.7456
	-0.0289 -0.1844 0.0468 -1.0458 -4.7962 -0.3955
	-0.0394 -0.1816 -0.154 2.8494 15.3453 -7.5365
	-0.2438 -0.1955 0.0606 0 0 0
	-0.2306 -0.2024 -0.0887 0 0 0
	0.1308 -0.1286 0 0.1341 -0.3865 -11.832
566	0 0 0 0 0 0.462
	0.0068 0.15 0.0132 0 0 0
	-0.0454 -0.1632 0 0.2641 -0.3669 2.035
	-0.0377 -0.1685 -0.0352 2.3215 2.6855 1.097
	-0.2057 -0.1469 0.0763 0 0 0
	-0.2047 -0.1553 -0.1063 0 0 0
	0.1057 -0.0958 0 0 0 -10.2028
600	0 0 0 0 0 0.6222
	0.001 0.16 0.0115 0 0 1.6778
	-0.0831 -0.1307 0.0501 0.0384 -0.2693 2.3003
	-0.0834 -0.1247 -0.0972 6.0474 5.1613 1.2168
	-0.2225 -0.131 0.0952 0.1434 1.8302 1.4182
	-0.2132 -0.1321 -0.136 0.2642 0.2293 -0.6795
	0.1078 -0.0885 0 0.9779 0.1798 -10.8616
633	0 0 0 0 0 0.8026
	-0.0076 0.1597 0.0079 0 0 4.0305
	-0.1315 -0.0696 0.121 -0.3033 -0.0973 2.4772
	-0.1439 -0.0471 -0.1808 11.0494 8.3755 1.2796
	-0.2263 -0.0947 0.1146 0.3447 4.3965 3.4068
	-0.2056 -0.0847 -0.1675 0.6347 0.5509 -1.6325
	0.1007 -0.069 0 2.3492 0.4319 -10.808
666	0 0 0 0 0 0.9673
	-0.0169 0.1524 0.0036 0 0 6.4561
	-0.1794 0 0.1941 -0.6679 0.097 2.5655
	-0.2044 0.0406 -0.2653 16.099 11.5651 1.2936
	-0.2207 -0.0503 0.1309 0.5521 7.0424 5.4572
	-0.1883 -0.0286 -0.195 1.0167 0.8825 -2.6149
	0.0885 -0.0445 0 3.7629 0.6919 -10.2803
700	0 0 0 0 0 1.0801
	-0.0244 0.1416 0 0 0 8.3529
	-0.2152 0.0618 0.2512 -0.9621 0.2615 2.5645
	-0.2505 0.1151 -0.3302 19.9677 13.9669 1.2669
	-0.2093 -0.0106 0.1411 0.7143 9.1114 7.0604
	-0.1678 0.0204 -0.2128 1.3154 1.1418 -3.3832
	0.0753 -0.0221 0 4.8685 0.8952 -9.5168
733	0 0 0 0 0 1.1052
	-0.0278 0.1305 -0.0023 0 0 9.1189
	-0.2276 0.0936 0.2743 -1.0926 0.3443 2.4738
	-0.2675 0.1526 -0.3549 21.4271 14.8177 1.2074
	-0.1955 0.0118 0.1419 0.7798 9.947 7.7079
	-0.1504 0.0472 -0.2153 1.4361 1.2465 -3.6934
	0.0653 -0.0087 0 5.3149 0.9773 -8.7559
766	0 0 0 0 0 1.0798
	-0.0271 0.1275 -0.0023 0 0 8.9091
	-0.2224 0.0914 0.268 -1.0675 0.3363 2.4169
	-0.2613 0.1491 -0.3467 20.9342 14.4769 1.1796
	-0.191 0.0115 0.1386 0.7619 9.7182 7.5306
	-0.1469 0.0461 -0.2104 1.403 1.2178 -3.6085
	0.0638 -0.0085 0 5.1927 0.9548 -8.5545
800	0 0 0 0 0 1.0099
	-0.0254 0.1193 -0.0021 0 0 8.3326
	-0.208 0.0855 0.2507 -0.9984 0.3146 2.2605
	-0.2444 0.1395 -0.3243 19.5796 13.5401 1.1033
	-0.1786 0.0108 0.1296 0.7126 9.0893 7.0433
	-0.1374 0.0431 -0.1968 1.3122 1.139 -3.3749
	0.0596 -0.008 0 4.8566 0.893 -8.0009
833	0 0 0 0 0 0.9051
	-0.0227 0.1069 -0.0019 0 0 7.4683
	-0.1864 0.0766 0.2247 -0.8948 0.2819 2.026
	-0.219 0.125 -0.2906 17.5488 12.1357 0.9888
	-0.1601 0.0097 0.1162 0.6387 8.1466 6.3127
	-0.1231 0.0386 -0.1763 1.1761 1.0209 -3.0249
	0.0534 -0.0071 0 4.3529 0.8004 -7.171
866	0 0 0 0 0 0.7751
	-0.0195 0.0915 -0.0016 0 0 6.3953
	-0.1596 0.0656 0.1924 -0.7663 0.2414 1.7349
	-0.1876 0.107 -0.2489 15.0275 10.3921 0.8468
	-0.1371 0.0083 0.0995 0.5469 6.9761 5.4058
	-0.1054 0.0331 -0.151 1.0071 0.8742 -2.5903
	0.0458 -0.0061 0 3.7275 0.6854 -6.1408
900	0 0 0 0 0 0.6293
	-0.0158 0.0743 -0.0013 0 0 5.1927
	-0.1296 0.0533 0.1562 -0.6222 0.196 1.4087
	-0.1523 0.0869 -0.2021 12.2015 8.4378 0.6875
	-0.1113 0.0067 0.0808 0.444 5.6642 4.3892
	-0.0856 0.0268 -0.1226 0.8177 0.7098 -2.1032
	0.0371 -0.005 0 3.0265 0.5565 -4.986
933	0 0 0 0 0 0.4774
	-0.012 0.0564 -0.001 0 0 3.9393
	-0.0983 0.0404 0.1185 -0.472 0.1487 1.0686
	-0.1155 0.0659 -0.1533 9.2565 6.4012 0.5216
	-0.0844 0.0051 0.0613 0.3369 4.2971 3.3298
	-0.0649 0.0204 -0.093 0.6203 0.5385 -1.5955
	0.0282 -0.0037 0 2.296 0.4221 -3.7825
966	0 0 0 0 0 0.3289
	-0.0082 0.0388 0 0 0 2.7143
	-0.0677 0.0278 0.0816 -0.3252 0.1024 0.7363
	-0.0796 0.0454 -0.1056 6.3781 4.4107 0.3594
	-0.0582 0.0035 0.0422 0.2321 2.9608 2.2943
	-0.0447 0.014 -0.0641 0.4274 0.371 -1.0994
	0.0194 -0.0026 0 1.582 0.2909 -2.6063
1000	0 0 0 0 0 0.1935
	-0.0048 0.0228 0 0 0 1.5968
	-0.0398 0.0163 0.048 -0.1913 0.0602 0.4331
	-0.0468 0.0267 -0.0621 3.7521 2.5947 0.2114
	-0.0342 0.002 0.0248 0.1365 1.7418 1.3497
	-0.0263 0.0082 -0.0377 0.2514 0.2182 -0.6467
	0.0114 -0.0015 0 0.9307 0.1711 -1.5332
1033	0 0 0 0 0 0.0806
	-0.002 0.0095 0 0 0 0.6656
	-0.0166 0.0068 0.02 -0.0797 0.0251 0.1805
	-0.0195 0.0111 -0.0259 1.5641 1.0816 0.0881
	-0.0142 0 0.0103 0.0569 0.7261 0.5626
	-0.0109 0.0034 -0.0157 0.1048 0.0909 -0.2696
	0.0047 0 0 0.3879 0.0713 -0.6391
1066	0 0 0 0 0 0
	0 0 0 0 0 0
	0 0 0 0 0 0
	0 0 0 0 0 0
	0 0 0 0 0 0
	0 0 0 0 0 0
	0 0 0 0 0 0
1100	0 0 0 0 0 0.047
	0 0.0106 0 0 0 0
	-0.0036 -0.0134 0.0018 0.1476 0.1233 0.6571
	-0.0012 -0.0138 -0.0167 0.9137 2.0964 -0.2592
	-0.0157 -0.0165 0.0078 0 0 0
	-0.0131 -0.0148 -0.0056 0 0 0
	0.0056 -0.0108 0 0 0 -0.07
1133	0 0 0 0 0 0.1203
	0.0021 0.0272 0 0 0 0
	-0.0092 -0.0343 0.0047 0.3776 0.3155 1.6811
	-0.0032 -0.0355 -0.0428 2.3377 5.3634 -0.6632
	-0.0402 -0.0422 0.02 0 0 0
	-0.0337 -0.038 -0.0144 0 0 0
	0.0143 -0.0278 0 0 0 -0.1791
1166	0 0 0 0 0 0.2099
	0.0037 0.0475 0 0 0 0
	-0.0161 -0.0599 0.0082 0.6586 0.5503 2.932
	-0.0056 -0.062 -0.0747 4.0771 9.3541 -1.1567
	-0.0702 -0.0736 0.0349 0 0 0
	-0.0588 -0.0663 -0.0251 0 0 0
	0.025 -0.0485 0 0 0 -0.3124
1200	0 0 0 0 0 0.3056
	0.0054 0.0692 -0.001 0 0 0
	-0.0234 -0.0872 0.0119 0.9591 0.8014 4.2697
	-0.0082 -0.0902 -0.1088 5.937 13.6214 -1.6844
	-0.1022 -0.1072 0.0509 0 0 0
	-0.0856 -0.0966 -0.0365 0 0 0
	0.0364 -0.0707 0 0 0 -0.4549
1233	0 0 0 0 0 0.3976
	0.007 0.0901 -0.0014 0 0 0
	-0.0305 -0.1135 0.0155 1.2476 1.0425 5.5539
	-0.0106 -0.1174 -0.1416 7.7228 17.7185 -2.191
	-0.133 -0.1394 0.0662 0 0 0
	-0.1114 -0.1257 -0.0475 0 0 0
	0.0473 -0.092 0 0 0 -0.5918
1266	0 0 0 0 0 0.4757
	0.0084 0.1078 -0.0017 0 0 0
	-0.0365 -0.1358 0.0185 1.4927 1.2472 6.6447
	-0.0127 -0.1405 -0.1694 9.2395 21.1984 -2.6213
	-0.1591 -0.1668 0.0792 0 0 0
	-0.1333 -0.1504 -0.0569 0 0 0
	0.0567 -0.11 0 0 0 -0.708
1300	0 0 0 0 0 0.5299
	0.0093 0.12 -0.0019 0 0 0
	-0.0407 -0.1513 0.0207 1.6628 1.3893 7.4019
	-0.0142 -0.1565 -0.1887 10.2924 23.6141 -2.9201
	-0.1772 -0.1858 0.0882 0 0 0
	-0.1485 -0.1676 -0.0634 0 0 0
	0.0631 -0.1226 0 0 0 -0.7887
1333	0 0 0 0 0 0.5502
	0.0097 0.1246 -0.0019 0 0 0
	-0.0422 -0.1571 0.0215 1.7265 1.4426 7.6854
	-0.0147 -0.1625 -0.1959 10.6867 24.5186 -3.0319
	-0.184 -0.193 0.0916 0 0 0
	-0.1542 -0.174 -0.0658 0 0 0
	0.0655 -0.1273 0 0 0 -0.8189
1366	0 0 0 0 0 1.8223
	-0.0023 0.1667 0 0 0 -3.3087
	-0.0124 -0.2001 0.1013 -1.3958 -7.7449 0.6088
	-0.028 -0.1902 -0.3509 8.0303 38.9653 -17.5882
	-0.266 -0.2651 0.0554 0 0 0
	-0.225 -0.2553 -0.0503 0 0 0
	0.1309 -0.1757 0 0.2543 -0.7326 -8.0251
1400	0 0 0 0 0 2.8815
	-0.0149 0.184 0 0 0 -6.3023
	0.0216 -0.2128 0.17 -4.5086 -16.2978 -7.0746
	-0.0375 -0.1882 -0.4584 3.8458 47.9496 -30.2528
	-0.3095 -0.2981 0.0073 0 0 0
	-0.2653 -0.2999 -0.0254 0 0 0
	0.179 -0.1982 0 0.4844 -1.3954 -14.4086
1433	0 0 0 0 0 1.9411
	-0.0036 0.0129 0.0047 0 0 -16.9829
	-0.0504 -0.0664 0.1114 0.3467 -11.6638 -4.6389
	-0.0805 -0.0382 -0.2931 1.1355 26.2441 -14.3834
	-0.1638 -0.1428 0.0947 0 0 0
	-0.1358 -0.1268 -0.0939 0 0 0
	0.0276 -0.1362 0 -0.6314 -0.6484 -5.5039
1466	0 0 0 0 0 0.8935
	0.0068 -0.1402 0.0081 0 0 -24.5983
	-0.1087 0.0706 0.0471 4.6181 -6.2707 -1.9679
	-0.1098 0.099 -0.1143 -1.3945 4.0992 1.2799
	-0.0165 0.0106 0.1618 0 0 0
	-0.0077 0.0407 -0.1444 0 0 0
	-0.1097 -0.0662 0 -1.5525 0.0857 3.0032
1500	0 0 0 0 0 1.8079
	-0.003 0.0069 0.0046 0 0 -16.4083
	-0.0499 -0.0583 0.1036 0.4801 -10.8947 -4.3144
	-0.0775 -0.0315 -0.2723 0.99 24.1608 -13.1173
	-0.1505 -0.1303 0.0923 0 0 0
	-0.1246 -0.1146 -0.091 0 0 0
	0.0214 -0.127 0 -0.6326 -0.5903 -4.9309
1533	0 0 0 0 0 2.9166
	-0.0151 0.1862 0 0 0 -6.3791
	0.0218 -0.2153 0.172 -4.5636 -16.4966 -7.1609
	-0.038 -0.1905 -0.464 3.8927 48.5344 -30.6218
	-0.3133 -0.3018 0.0074 0 0 0
	-0.2687 -0.3036 -0.0257 0 0 0
	0.1812 -0.2007 0 0.4903 -1.4124 -14.5843
1566	0 0 0 0 0 3.3257
	-0.0173 0.2124 0 0 0 -7.2738
	0.0249 -0.2456 0.1962 -5.2037 -18.8102 -8.1652
	-0.0433 -0.2172 -0.5291 4.4387 55.3413 -34.9165
	-0.3573 -0.3441 0.0084 0 0 0
	-0.3084 -0.3462 -0.0293 0 0 0
	0.2066 -0.2288 0.001 0.559 -1.6105 -16.6298
1600	0 0 0 0 0 3.3427
	-0.0173 0.2135 0 0 0 -7.3111
	0.025 -0.2468 0.1972 -5.2304 -18.9067 -8.2071
	-0.0435 -0.2183 -0.5318 4.4614 55.625 -35.0955
	-0.3591 -0.3459 0.0085 0 0 0
	-0.3101 -0.3479 -0.0295 0 0 0
	0.2077 -0.23 0.0011 0.5619 -1.6187 -16.715
1633	0 0 0 0 0 2.8815
	-0.0149 0.184 0 0 0 -6.3023
	0.0216 -0.2128 0.17 -4.5086 -16.2978 -7.0746
	-0.0375 -0.1882 -0.4584 3.8458 47.9496 -30.2528
	-0.3095 -0.2981 0.0073 0 0 0
	-0.2653 -0.2999 -0.0254 0 0 0
	0.179 -0.1982 0 0.4844 -1.3954 -14.4086
1666	0 0 0 0 0 1.1616
	0.0089 -0.1823 0.0106 0 0 -31.9778
	-0.1414 0.0918 0.0613 6.0035 -8.152 -2.5583
	-0.1428 0.1287 -0.1486 -1.8128 5.329 1.6639
	-0.0215 0.0138 0.2104 0 0 0
	-0.01 0.053 -0.1878 0 0 0
	-0.1426 -0.0861 -0.0011 -2.0183 0.1115 3.9042
1700	0 0 0 0 0 2.2641
	-0.0035 0.0035 0.006 0 0 -21.1424
	-0.0656 -0.0695 0.1296 0.7589 -13.676 -5.3973
	-0.0997 -0.0353 -0.3403 1.172 29.9757 -16.1481
	-0.1864 -0.1605 0.1198 0 0 0
	-0.154 -0.14 -0.1176 0 0 0
	0.0225 -0.1592 0 -0.8368 -0.7257 -5.9794
1733	0 0 0 0 0 3.1977
	-0.0166 0.2042 0 0 0 -6.994
	0.0239 -0.2361 0.1886 -5.0035 -18.0866 -7.8511
	-0.0416 -0.2089 -0.5087 4.2679 53.2124 -33.5733
	-0.3435 -0.3309 0.0081 0 0 0
	-0.2959 -0.3328 -0.0282 0 0 0
	0.1987 -0.22 0.001 0.5375 -1.5485 -15.99
1766	0 0 0 0 0 2.7278
	-0.0209 0.1927 0 0 0 -2.4109
	-0.0522 -0.1474 0.2254 -4.0721 -13.3963 -5.0987
	-0.1135 -0.1088 -0.4891 9.7899 44.292 -24.6917
	-0.3167 -0.2433 0.0498 0.2403 3.0656 2.3755
	-0.265 -0.2339 -0.0874 0.4426 0.3841 -1.1383
	0.1684 -0.1669 0 2.0393 -0.8548 -14.6357
1800	0 0 0 0 0 1.6343
	-0.0238 0.146 -0.0015 0 0 4.4439
	-0.1517 0.0011 0.2418 -2.1147 -4.6596 -0.407
	-0.1972 0.0495 -0.3845 16.0496 24.7126 -8.2543
	-0.2289 -0.0813 0.1008 0.542 6.9139 5.3576
	-0.184 -0.0573 -0.1573 0.9982 0.8664 -2.5672
	0.0992 -0.0657 0 3.8399 0.2598 -10.4171
1833	0 0 0 0 0 0.9783
	-0.0246 0.1155 -0.002 0 0 8.0724
	-0.2015 0.0828 0.2428 -0.9672 0.3048 2.1899
	-0.2368 0.1351 -0.3141 18.9682 13.1173 1.0688
	-0.1731 0.0105 0.1256 0.6903 8.8055 6.8233
	-0.1331 0.0418 -0.1906 1.2713 1.1034 -3.2696
	0.0578 -0.0077 0 4.705 0.8651 -7.7511
1866	0 0 0 0 0 1.0561
	-0.0232 0.1157 -0.0018 0 0 6.9889
	-0.1823 0.0632 0.2309 -1.1393 -0.6571 1.5883
	-0.2177 0.1122 -0.3123 17.492 14.6937 -0.7616
	-0.1753 -0.0075 0.1148 0.6286 8.0178 6.213
	-0.1365 0.0208 -0.175 1.1575 1.0047 -2.9771
	0.0629 -0.0184 0 4.3119 0.7077 -7.884
1900	0 0 0 0 0 1.3737
	-0.0206 0.1244 -0.0013 0 0 4.0585
	-0.1341 0.0058 0.2091 -1.7597 -3.732 -0.1968
	-0.1728 0.0479 -0.3282 14.0495 20.6725 -6.5795
	-0.1946 -0.0648 0.0886 0.4774 6.0902 4.7193
	-0.1561 -0.0436 -0.138 0.8792 0.7632 -2.2613
	0.0833 -0.0533 0 3.3713 0.2607 -8.8467
1933	0 0 0 0 0 1.8077
	-0.0175 0.1376 0 0 0 0.3093
	-0.0736 -0.0687 0.1839 -2.5933 -7.7874 -2.5214
	-0.117 -0.0349 -0.3537 9.786 28.7615 -14.2454
	-0.2226 -0.1404 0.056 0.2882 3.6759 2.8484
	-0.1835 -0.1282 -0.0919 0.5307 0.4606 -1.3649
	0.111 -0.0995 0 2.1993 -0.3164 -10.2329
1966	0 0 0 0 0 2.2344
	-0.0147 0.1513 0 0 0 -3.2307
	-0.0171 -0.1398 0.1618 -3.4047 -11.691 -4.7411
	-0.0654 -0.1136 -0.3811 5.8467 36.6688 -21.6198
	-0.251 -0.2131 0.0256 0.1119 1.4281 1.1066
	-0.2114 -0.2093 -0.0492 0.2061 0.1789 -0.5302
	0.1383 -0.1441 0 1.112 -0.8649 -11.6366
2000	0 0 0 0 0 2.5301
	-0.0131 0.1616 0 0 0 -5.5337
	0.0189 -0.1868 0.1492 -3.9588 -14.3103 -6.2118
	-0.0329 -0.1652 -0.4025 3.3768 42.1021 -26.5634
	-0.2718 -0.2618 0.0064 0 0 0
	-0.232 -0.2633 -0.0223 0 0 0
	0.1572 -0.1741 0 0.4253 -1.2252 -12.6514
2033	0 0 0 0 0 2.8012
	-0.0145 0.1789 0 0 0 -6.1266
	0.0209 -0.2068 0.1652 -4.383 -15.8436 -6.8774
	-0.0364 -0.1829 -0.4456 3.7386 46.6133 -29.4097
	-0.3009 -0.2898 0.0071 0 0 0
	-0.2577 -0.2916 -0.0247 0 0 0
	0.174 -0.1927 0 0.4709 -1.3565 -14.007
2066	0 0 0 0 0 3.0387
	-0.0158 0.194 0 0 0 -6.6462
	0.0227 -0.2244 0.1792 -4.7547 -17.1872 -7.4607
	-0.0395 -0.1985 -0.4834 4.0557 50.5662 -31.9037
	-0.3264 -0.3144 0.0077 0 0 0
	-0.2804 -0.3163 -0.0268 0 0 0
	0.1888 -0.2091 0.001 0.5108 -1.4715 -15.1949
2100	0 0 0 0 0 3.2129
	-0.0167 0.2052 0 0 0 -7.0272
	0.024 -0.2372 0.1895 -5.0272 -18.1724 -7.8883
	-0.0418 -0.2098 -0.5111 4.2882 53.4649 -33.7326
	-0.3451 -0.3324 0.0082 0 0 0
	-0.2973 -0.3344 -0.0283 0 0 0
	0.1996 -0.2211 0.001 0.5401 -1.5559 -16.0659
2133	0 0 0 0 0 3.2939
	-0.0171 0.2103 0 0 0 -7.2044
	0.0246 -0.2432 0.1943 -5.154 -18.6307 -8.0873
	-0.0429 -0.2151 -0.524 4.3963 54.8131 -34.5832
	-0.3538 -0.3408 0.0084 0 0 0
	-0.3053 -0.3429 -0.029 0 0 0
	0.2046 -0.2266 0.001 0.5537 -1.5951 -16.471
2166	0 0 0 0 0 3.2519
	-0.0169 0.2077 0 0 0 -7.1126
	0.0243 -0.2401 0.1918 -5.0883 -18.3933 -7.9842
	-0.0423 -0.2124 -0.5173 4.3403 54.1146 -34.1425
	-0.3493 -0.3365 0.0083 0 0 0
	-0.3012 -0.3385 -0.0287 0 0 0
	0.202 -0.2237 0.001 0.5466 -1.5748 -16.2611
2200	0 0 0 0 0 3.0572
	-0.0159 0.1952 0 0 0 -6.6865
	0.0229 -0.2257 0.1803 -4.7836 -17.2916 -7.506
	-0.0398 -0.1997 -0.4863 4.0803 50.8734 -32.0975
	-0.3284 -0.3163 0.0078 0 0 0
	-0.2822 -0.3182 -0.0269 0 0 0
	0.1899 -0.2103 0.001 0.5139 -1.4805 -15.2872
2233	0 0 0 0 0 2.5199
	-0.0086 0.0842 0.0034 0 0 -14.3175
	-0.026 -0.1329 0.1465 -1.6033 -14.726 -6.0991
	-0.071 -0.1034 -0.39 2.3571 37.7448 -22.3107
	-0.2398 -0.2206 0.0685 0 0 0
	-0.2017 -0.2102 -0.0753 0 0 0
	0.0923 -0.1752 0 -0.2385 -1.0187 -9.6951
2266	0 0 0 0 0 1.6575
	0.0024 -0.0844 0.0079 0 0 -25.4641
	-0.0989 0.0093 0.0924 3.2088 -10.5485 -3.8516
	-0.1163 0.0435 -0.2368 -0.2828 17.1948 -7.1199
	-0.1014 -0.072 0.1581 0 0 0
	-0.0805 -0.0435 -0.1463 0 0 0
	-0.0564 -0.1186 0 -1.3636 -0.3026 -1.0824
2300	0 0 0 0 0 1.1258
	0.0086 -0.1767 0.0103 0 0 -30.9938
	-0.137 0.089 0.0594 5.8188 -7.9012 -2.4796
	-0.1384 0.1247 -0.144 -1.757 5.165 1.6127
	-0.0208 0.0133 0.2039 0 0 0
	-0.0097 0.0513 -0.182 0 0 0
	-0.1382 -0.0834 -0.0011 -1.9562 0.108 3.7841
2333	0 0 0 0 0 1.7419
	-0.001 -0.0254 0.0058 0 0 -19.5022
	-0.0669 -0.0339 0.0989 1.4436 -10.6958 -4.1203
	-0.0907 -0.0047 -0.2578 0.532 21.5236 -10.9005
	-0.1321 -0.1088 0.115 0 0 0
	-0.1081 -0.0886 -0.11 0 0 0
	-0.0062 -0.1231 0 -0.8872 -0.4842 -3.5328
2366	0 0 0 0 0 2.3192
	-0.012 0.1481 0 0 0 -5.0725
	0.0173 -0.1712 0.1368 -3.6289 -13.1177 -5.6942
	-0.0302 -0.1515 -0.3689 3.0954 38.5936 -24.3498
	-0.2491 -0.24 0.0059 0 0 0
	-0.2123 -0.2414 -0.0204 0 0 0
	0.1441 -0.1596 0 0.3898 -1.1231 -11.5971
2400	0 0 0 0 0 4.0198
	-0.3303 -0.204 -0.0146 0.3713 0 -71.5018
	0.2086 -0.1219 0.1072 -6.9531 -29.5381 0.8699
	0.1718 -0.1066 -0.2834 8.8838 34.6107 3.9936
	-0.1698 -0.4808 0.1418 0 13.5915 -29.4554
	0.0215 -0.5104 -0.0143 0 -2.0527 -24.6761
	0.2176 -0.1176 0.0014 0.3011 -0.8676 -29.3665
2433	0 0 0 0 0 3.6056
	-0.4155 -0.3605 -0.0189 0.4761 0 -88.2931
	0.2558 -0.0419 0.0461 -6.4921 -29.1148 4.9177
	0.2405 -0.0355 -0.117 9.324 18.6077 21.38
	-0.0514 -0.4562 0.1779 0 17.4272 -37.768
	0.1687 -0.4933 -0.0047 0 -2.632 -31.6399
	0.1828 -0.0442 0.0013 0.1258 -0.3624 -29.9101
2466	0 0 0 0 0 2.8571
	-0.4116 -0.4083 -0.019 0.4761 0 -86.6559
	0.2502 0.0133 0.002 -5.3209 -24.881 6.7555
	0.2502 0.0133 0.002 8.3249 6.1515 29.2389
	0.029 -0.3788 0.176 0 17.4272 -37.768
	0.2375 -0.4153 0.0018 0 -2.632 -31.6399
	0.1363 0.0072 0.001 0 0 -26.1671
2500	0 0 0 0 0 3.0035
	-0.409 -0.3751 -0.0195 0.4761 0 -86.6559
	0.239 -0.0284 0.0077 -4.8613 -24.4969 8.8014
	0.2463 -0.0299 -0.0501 11.1697 12.6785 28.4318
	-0.0199 -0.4302 0.2004 0 17.4272 -37.768
	0.1964 -0.4617 -0.0156 0 -2.632 -31.6399
	0.1537 -0.0266 0.0012 0 0 -26.3851
2533	0 0 0 0 0 3.2052
	-0.4054 -0.3294 -0.0202 0.4761 0 -86.6559
	0.2235 -0.086 0.0156 -4.2285 -23.9682 11.6183
	0.2409 -0.0895 -0.1219 15.0866 21.6649 27.3205
	-0.0874 -0.5009 0.234 0 17.4272 -37.768
	0.1399 -0.5255 -0.0397 0 -2.632 -31.6399
	0.1778 -0.0733 0.0014 0 0 -26.6853
2566	0 0 0 0 0 2.1541
	-0.2207 -0.1031 -0.0126 0.2666 0 -48.5306
	0.0975 -0.1507 0.0227 -1.2413 -12.4816 11.5222
	0.1252 -0.1561 -0.1962 15.4232 28.134 13.3218
	-0.169 -0.4065 0.1908 0 9.7599 -21.1515
	-0.0222 -0.4078 -0.0652 0 -1.474 -17.7195
	0.1423 -0.1241 0.0011 0 0 -15.4792
2600	0 0 0 0 0 0.7132
	0.0126 0.1616 -0.0025 0 0 0
	-0.0548 -0.2036 0.0278 2.238 1.87 9.9626
	-0.0191 -0.2106 -0.254 13.8531 31.7834 -3.9303
	-0.2385 -0.2501 0.1187 0 0 0
	-0.1999 -0.2256 -0.0853 0 0 0
	0.085 -0.165 0 0 0 -1.0616
2633	0 0 0 0 0 0.7727
	0.0136 0.1751 -0.0027 0 0 0
	-0.0593 -0.2206 0.0301 2.4245 2.0258 10.7928
	-0.0207 -0.2282 -0.2752 15.0076 34.4321 -4.2578
	-0.2584 -0.271 0.1286 0 0 0
	-0.2165 -0.2444 -0.0924 0 0 0
	0.0921 -0.1788 0 0 0 -1.15
2666	0 0 0 0 0 0.7132
	0.0126 0.1616 -0.0025 0 0 0
	-0.0548 -0.2036 0.0278 2.238 1.87 9.9626
	-0.0191 -0.2106 -0.254 13.8531 31.7834 -3.9303
	-0.2385 -0.2501 0.1187 0 0 0
	-0.1999 -0.2256 -0.0853 0 0 0
	0.085 -0.165 0 0 0 -1.0616
2700	0 0 0 0 0 0.8937
	0.0012 0.1656 -0.0027 0 0 2.8029
	-0.1125 -0.1294 0.1059 1.4026 1.5584 8.4992
	-0.0971 -0.1167 -0.3064 17.3471 29.2435 -2.6818
	-0.2454 -0.1906 0.1358 0.2397 3.0574 2.3692
	-0.2015 -0.1607 -0.1324 0.4414 0.3831 -1.1352
	0.0861 -0.1309 0 1.6336 0.3004 -3.516
2733	0 0 0 0 0 1.1408
	-0.0137 0.1725 -0.0029 0 0 6.5401
	-0.19 -0.0322 0.2103 0.3087 1.1597 6.6369
	-0.2012 0.0066 -0.3785 22.1294 26.1408 -1.0524
	-0.2567 -0.1136 0.1597 0.5593 7.1341 5.5282
	-0.2054 -0.0762 -0.1961 1.0299 0.894 -2.6489
	0.0883 -0.0868 0 3.8119 0.7009 -6.798
2766	0 0 0 0 0 1.3355
	-0.0273 0.1736 -0.003 0 0 9.8102
	-0.2562 0.0589 0.3008 -0.7158 0.7544 4.7073
	-0.2917 0.121 -0.434 25.8965 22.4681 0.4918
	-0.2593 -0.0386 0.177 0.839 10.7012 8.2923
	-0.2028 0.0044 -0.2492 1.5449 1.341 -3.9734
	0.0877 -0.0433 0 5.7179 1.0514 -9.6377
2800	0 0 0 0 0 1.3588
	-0.0342 0.1605 -0.0029 0 0 11.2117
	-0.2799 0.1151 0.3373 -1.3434 0.4233 3.0415
	-0.3288 0.1877 -0.4363 26.3448 18.2185 1.4845
	-0.2404 0.0145 0.1744 0.9588 12.2299 9.4769
	-0.1849 0.058 -0.2648 1.7656 1.5326 -4.5411
	0.0803 -0.0108 0 6.5347 1.2016 -10.7654
2833	0 0 0 0 0 1.9003
	-0.0308 0.1783 -0.0021 0 0 6.8005
	-0.2098 0.0261 0.3107 -2.3687 -4.484 0.2611
	-0.2651 0.0894 -0.4724 21.4863 28.2282 -7.7838
	-0.2771 -0.0767 0.1369 0.7407 9.4474 7.3208
	-0.2209 -0.0436 -0.212 1.3639 1.1839 -3.5079
	0.1149 -0.0668 0 5.191 0.5162 -12.5696
2866	0 0 0 0 0 2.4744
	-0.0216 0.1818 0 0 0 -0.8342
	-0.075 -0.1131 0.2289 -3.6191 -11.3785 -4.0168
	-0.1326 -0.0724 -0.4647 11.22 39.7585 -20.8958
	-0.2963 -0.2059 0.0615 0.3094 3.9472 3.0586
	-0.2458 -0.1931 -0.1034 0.5698 0.4946 -1.4656
	0.1524 -0.1435 0 2.4513 -0.5981 -13.6548
2900	0 0 0 0 0 2.6355
	-0.0137 0.1683 0 0 0 -5.7643
	0.0197 -0.1946 0.1554 -4.1238 -14.9065 -6.4707
	-0.0343 -0.1721 -0.4192 3.5175 43.8564 -27.6703
	-0.2831 -0.2727 0.0067 0 0 0
	-0.242 -0.2743 -0.0232 0 0 0
	0.1637 -0.1813 0 0.443 -1.2763 -13.1786
2933	0 0 0 0 0 2.4103
	-0.0102 0.1842 0.0036 0 0 -5.018
	0.0057 -0.2104 0.1352 -3.5235 -13.0688 -5.1219
	-0.0393 -0.1921 -0.3738 3.645 38.8528 -23.8125
	-0.2981 -0.2743 0.025 0 0 0
	-0.2614 -0.2778 -0.0469 0 0 0
	0.1691 -0.1819 0 0.3856 -1.111 -14.0343
2966	0 0 0 0 0 1.7861
	-0.0037 0.1871 0.0082 0 0 -3.2938
	-0.0162 -0.2102 0.0886 -2.1962 -8.7405 -2.4634
	-0.0425 -0.2005 -0.2609 3.4178 26.6893 -15.1463
	-0.2865 -0.2449 0.0501 0 0 0
	-0.2617 -0.2509 -0.0777 0 0 0
	0.1576 -0.1617 0.001 0.2531 -0.7293 -13.7177
3000	0 0 0 0 0 1.0503
	0.003 0.1784 0.0123 0 0 -1.3638
	-0.0373 -0.1968 0.0364 -0.7316 -3.8659 0.349
	-0.0429 -0.1964 -0.1317 2.977 12.8577 -5.5334
	-0.257 -0.2003 0.072 0 0 0
	-0.2464 -0.2084 -0.1037 0 0 0
	0.1364 -0.1315 0 0.1048 -0.3019 -12.5438
3033	0 0 0 0 0 0.4902
	0.0072 0.1592 0.014 0 0 0
	-0.0482 -0.1732 0 0.2803 -0.3893 2.1596
	-0.04 -0.1788 -0.0373 2.4636 2.8499 1.1642
	-0.2183 -0.1559 0.0809 0 0 0
	-0.2172 -0.1648 -0.1128 0 0 0
	0.1121 -0.1017 0 0 0 -10.8274
3066	0 0 0 0 0 0.3994
	0.0058 0.1297 0.0114 0 0 0
	-0.0393 -0.1411 0 0.2284 -0.3172 1.7597
	-0.0326 -0.1457 -0.0304 2.0074 2.3221 0.9486
	-0.1778 -0.127 0.0659 0 0 0
	-0.177 -0.1343 -0.0919 0 0 0
	0.0914 -0.0829 0 0 0 -8.8223
3100	0 0 0 0 0 0.1997
	0.0029 0.0648 0.0057 0 0 0
	-0.0196 -0.0705 0 0.1142 -0.1586 0.8798
	-0.0163 -0.0728 -0.0152 1.0037 1.161 0.4743
	-0.0889 -0.0635 0.0329 0 0 0
	-0.0885 -0.0671 -0.0459 0 0 0
	0.0457 -0.0414 0 0 0 -4.4111
3133	0 0 0 0 0 0
	0 0 0 0 0 0
	0 0 0 0 0 0
	0 0 0 0 0 0
	0 0 0 0 0 0
	0 0 0 0 0 0
	0 0 0 0 0 0
