7
3533
Face_Jaw
Face_LowerLip
Face_LCorner
Face_RCorner
Face_LLower
Face_RLower
Face_UpperLip
0	0 0 0 0 0 0
	0 0 0 0 0 0
	0 0 0 0 0 0
	0 0 0 0 0 0
	0 0 0 0 0 0
	0 0 0 0 0 0
	0 0 0 0 0 0
33	0 0 0 0 0 2.8571
	-0.4116 -0.4083 -0.019 0.4761 0 -86.6559
	0.2502 0.0133 0.002 -5.3209 -24.881 6.7555
	0.2502 0.0133 0.002 8.3249 6.1515 29.2389
	0.029 -0.3788 0.176 0 17.4272 -37.768
	0.2375 -0.4153 0.0018 0 -2.632 -31.6399
	0.1363 0.0072 0.001 0 0 -26.1671
66	0 0 0 0 0 2.8571
	-0.4116 -0.4083 -0.019 0.4761 0 -86.6559
	0.2502 0.0133 0.002 -5.3209 -24.881 6.7555
	0.2502 0.0133 0.002 8.3249 6.1515 29.2389
	0.029 -0.3788 0.176 0 17.4272 -37.768
	0.2375 -0.4153 0.0018 0 -2.632 -31.6399
	0.1363 0.0072 0.001 0 0 -26.1671
100	0 0 0 0 0 2.8571
	-0.4116 -0.4083 -0.019 0.4761 0 -86.6559
	0.2502 0.0133 0.002 -5.3209 -24.881 6.7555
	0.2502 0.0133 0.002 8.3249 6.1515 29.2389
	0.029 -0.3788 0.176 0 17.4272 -37.768
	0.2375 -0.4153 0.0018 0 -2.632 -31.6399
	0.1363 0.0072 0.001 0 0 -26.1671
133	0 0 0 0 0 4.6931
	-0.4211 -0.2911 -0.0187 0.4761 0 -90.6717
	0.264 -0.1222 0.1103 -8.1938 -35.2659 2.2476
	0.2263 -0.1066 -0.29 10.7755 36.7048 9.9619
	-0.1682 -0.5688 0.1807 0 17.4272 -37.768
	0.0697 -0.6065 -0.0143 0 -2.632 -31.6399
	0.2504 -0.119 0.0017 0.3086 -0.8891 -35.3482
166	0 0 0 0 0 3.3383
	-0.0173 0.2132 0 0 0 -7.3014
	0.025 -0.2465 0.1969 -5.2234 -18.8816 -8.1962
	-0.0434 -0.218 -0.5311 4.4555 55.5514 -35.049
	-0.3586 -0.3454 0.0085 0 0 0
	-0.3096 -0.3475 -0.0294 0 0 0
	0.2074 -0.2297 0.0011 0.5612 -1.6166 -16.6929
200	0 0 0 0 0 2.9308
	-0.0094 0.0882 0.0043 0 0 -17.7624
	-0.0359 -0.1479 0.1701 -1.5697 -17.1869 -7.0825
	-0.0874 -0.1125 -0.4523 2.6147 43.3713 -25.4259
	-0.275 -0.2516 0.0875 0 0 0
	-0.2315 -0.238 -0.0943 0 0 0
	0.0992 -0.204 0 -0.3609 -1.1593 -10.9096
233	0 0 0 0 0 1.8958
	0.0031 -0.102 0.0093 0 0 -29.7493
	-0.1163 0.0144 0.1055 3.8358 -12.099 -4.3993
	-0.1357 0.054 -0.2701 -0.3947 19.3712 -7.8504
	-0.1138 -0.0796 0.1852 0 0 0
	-0.0899 -0.046 -0.1711 0 0 0
	-0.069 -0.1358 0 -1.6065 -0.3318 -1.0325
266	0 0 0 0 0 1.2867
	0.0098 -0.2019 0.0117 0 0 -35.4215
	-0.1566 0.1017 0.0679 6.65 -9.0299 -2.8338
	-0.1582 0.1425 -0.1646 -2.008 5.9029 1.8431
	-0.0238 0.0152 0.2331 0 0 0
	-0.0111 0.0587 -0.208 0 0 0
	-0.158 -0.0953 -0.0012 -2.2357 0.1235 4.3247
300	0 0 0 0 0 1.5341
	0.006 -0.1421 0.01 0 0 -30.9102
	-0.129 0.0529 0.0837 4.9205 -10.1577 -3.4916
	-0.1395 0.0912 -0.2102 -1.1006 12.4229 -3.1332
	-0.0681 -0.0333 0.1981 0 0 0
	-0.0505 0.0031 -0.1797 0 0 0
	-0.1057 -0.1113 0 -1.8141 -0.1119 1.4205
333	0 0 0 0 0 2.1362
	-0.0027 -0.0066 0.0061 0 0 -21.0892
	-0.0677 -0.0587 0.122 1.0191 -12.965 -5.0811
	-0.099 -0.0254 -0.3197 0.9755 27.7403 -14.6991
	-0.1719 -0.1463 0.1211 0 0 0
	-0.1416 -0.1253 -0.1178 0 0 0
	0.0129 -0.1504 0 -0.8754 -0.6586 -5.2654
366	0 0 0 0 0 2.7474
	-0.0116 0.1299 0.0021 0 0 -11.2314
	-0.006 -0.1713 0.1608 -2.9114 -15.8204 -6.6934
	-0.0584 -0.1431 -0.4306 3.0703 43.2355 -26.3868
	-0.2768 -0.2605 0.0438 0 0 0
	-0.2349 -0.2551 -0.0557 0 0 0
	0.1326 -0.1901 0 0.0691 -1.2109 -12.0153
400	0 0 0 0 0 3.022
	-0.0157 0.193 0 0 0 -6.6097
	0.0226 -0.2231 0.1783 -4.7286 -17.0928 -7.4197
	-0.0393 -0.1974 -0.4807 4.0334 50.2886 -31.7286
	-0.3246 -0.3127 0.0077 0 0 0
	-0.2788 -0.3145 -0.0266 0 0 0
	0.1877 -0.2079 0 0.508 -1.4634 -15.1115
433	0 0 0 0 0 2.1165
	-0.0031 0 0.0058 0 0 -20.197
	-0.0635 -0.0623 0.121 0.8243 -12.8079 -5.0412
	-0.0951 -0.03 -0.3176 1.0462 27.8163 -14.8921
	-0.1727 -0.1481 0.1151 0 0 0
	-0.1426 -0.1283 -0.1125 0 0 0
	0.0178 -0.1489 0 -0.8148 -0.6685 -5.447
466	0 0 0 0 0 1.2331
	0.0094 -0.1935 0.0112 0 0 -33.9456
	-0.1501 0.0974 0.065 6.3729 -8.6536 -2.7157
	-0.1516 0.1366 -0.1578 -1.9244 5.6569 1.7663
	-0.0228 0.0146 0.2233 0 0 0
	-0.0106 0.0562 -0.1993 0 0 0
	-0.1514 -0.0914 -0.0012 -2.1425 0.1183 4.1445
500	0 0 0 0 0 1.8037
	0.0029 -0.0965 0.0088 0 0 -28.2496
	-0.1104 0.0134 0.1004 3.6351 -11.5081 -4.186
	-0.1289 0.051 -0.2571 -0.3694 18.4555 -7.4943
	-0.1085 -0.076 0.1759 0 0 0
	-0.0858 -0.0441 -0.1625 0 0 0
	-0.0653 -0.1292 0 -1.5244 -0.3169 -1.0001
533	0 0 0 0 0 2.7875
	-0.0092 0.0872 0.004 0 0 -16.513
	-0.0322 -0.143 0.1619 -1.5942 -16.3262 -6.74
	-0.0815 -0.1097 -0.4306 2.5303 41.4322 -24.3623
	-0.2629 -0.241 0.0805 0 0 0
	-0.2212 -0.2286 -0.0874 0 0 0
	0.0971 -0.194 0 -0.3146 -1.1114 -10.502
566	0 0 0 0 0 3.1977
	-0.0166 0.2042 0 0 0 -6.994
	0.0239 -0.2361 0.1886 -5.0035 -18.0866 -7.8511
	-0.0416 -0.2089 -0.5087 4.2679 53.2124 -33.5733
	-0.3435 -0.3309 0.0081 0 0 0
	-0.2959 -0.3328 -0.0282 0 0 0
	0.1987 -0.22 0.001 0.5375 -1.5485 -15.99
600	0 0 0 0 0 2.5988
	-0.0093 0.2209 0.0063 0 0 -5.2234
	-0.0028 -0.2507 0.1407 -3.6164 -13.6751 -4.936
	-0.0483 -0.2328 -0.396 4.2456 40.9655 -24.574
	-0.3503 -0.3141 0.0408 0 0 0
	-0.3121 -0.3194 -0.0695 0 0 0
	0.1965 -0.208 0.0011 0.4014 -1.1565 -16.5923
633	0 0 0 0 0 1.3594
	0.0027 0.215 0.0142 0 0 -1.8986
	-0.0418 -0.2377 0.0508 -1.0773 -5.3002 0.0329
	-0.0514 -0.2359 -0.1755 3.6275 17.3015 -7.9473
	-0.312 -0.2461 0.0833 0 0 0
	-0.2973 -0.2555 -0.1207 0 0 0
	0.1663 -0.1617 0.0011 0.1459 -0.4203 -15.1914
666	0 0 0 0 0 0.6317
	0.0093 0.2051 0.0181 0 0 0
	-0.0621 -0.2232 0 0.3611 -0.5017 2.7826
	-0.0516 -0.2304 -0.0481 3.1743 3.672 1.5
	-0.2812 -0.2009 0.1043 0 0 0
	-0.2798 -0.2123 -0.1454 0 0 0
	0.1445 -0.1311 0.0011 0 0 -13.9507
700	0 0 0 0 0 2.8463
	-0.0148 0.1818 0 0 0 -6.2254
	0.0213 -0.2102 0.1679 -4.4537 -16.0991 -6.9883
	-0.037 -0.1859 -0.4528 3.7989 47.3649 -29.8839
	-0.3058 -0.2945 0.0072 0 0 0
	-0.262 -0.2963 -0.0251 0 0 0
	0.1768 -0.1958 0 0.4784 -1.3784 -14.2329
733	0 0 0 0 0 3.1212
	-0.0162 0.1993 0 0 0 -6.8266
	0.0233 -0.2305 0.1841 -4.8838 -17.6539 -7.6633
	-0.0406 -0.2039 -0.4965 4.1658 51.9393 -32.77
	-0.3353 -0.323 0.0079 0 0 0
	-0.2884 -0.3249 -0.0275 0 0 0
	0.1939 -0.2147 0.001 0.5247 -1.5115 -15.6075
766	0 0 0 0 0 2.9166
	-0.0151 0.1862 0 0 0 -6.3791
	0.0218 -0.2153 0.172 -4.5636 -16.4966 -7.1609
	-0.038 -0.1905 -0.464 3.8927 48.5344 -30.6218
	-0.3133 -0.3018 0.0074 0 0 0
	-0.2687 -0.3036 -0.0257 0 0 0
	0.1812 -0.2007 0 0.4903 -1.4124 -14.5843
800	0 0 0 0 0 2.9689
	-0.0154 0.1896 0 0 0 -6.4934
	0.0222 -0.2192 0.1751 -4.6454 -16.7922 -7.2892
	-0.0386 -0.1939 -0.4723 3.9625 49.4041 -31.1705
	-0.3189 -0.3072 0.0075 0 0 0
	-0.2737 -0.309 -0.0262 0 0 0
	0.1844 -0.2043 0 0.499 -1.4377 -14.8456
833	0 0 0 0 0 3.0671
	-0.0159 0.1959 0 0 0 -6.7082
	0.0229 -0.2265 0.1809 -4.799 -17.3475 -7.5303
	-0.0399 -0.2003 -0.4879 4.0935 51.038 -32.2014
	-0.3295 -0.3173 0.0078 0 0 0
	-0.2832 -0.3192 -0.027 0 0 0
	0.1905 -0.211 0.001 0.5156 -1.4853 -15.3366
866	0 0 0 0 0 3.1628
	-0.0164 0.202 0 0 0 -6.9176
	0.0237 -0.2335 0.1866 -4.9489 -17.8891 -7.7653
	-0.0412 -0.2066 -0.5031 4.2213 52.6313 -33.2066
	-0.3398 -0.3273 0.008 0 0 0
	-0.2925 -0.3292 -0.0279 0 0 0
	0.1965 -0.2176 0.001 0.5317 -1.5316 -15.8154
900	0 0 0 0 0 3.2077
	-0.0166 0.2048 0 0 0 -7.0159
	0.024 -0.2368 0.1892 -5.0192 -18.1433 -7.8757
	-0.0417 -0.2095 -0.5103 4.2813 53.3792 -33.6785
	-0.3446 -0.3319 0.0081 0 0 0
	-0.2968 -0.3339 -0.0283 0 0 0
	0.1993 -0.2207 0.001 0.5392 -1.5534 -16.0401
933	0 0 0 0 0 3.1535
	-0.0164 0.2014 0 0 0 -6.8973
	0.0236 -0.2328 0.186 -4.9343 -17.8366 -7.7425
	-0.041 -0.206 -0.5017 4.2089 52.4767 -33.1091
	-0.3388 -0.3263 0.008 0 0 0
	-0.2916 -0.3282 -0.0278 0 0 0
	0.1959 -0.217 0.001 0.5301 -1.5271 -15.769
966	0 0 0 0 0 2.9517
	-0.0153 0.1885 0 0 0 -6.456
	0.0221 -0.2179 0.1741 -4.6186 -16.6953 -7.2472
	-0.0384 -0.1928 -0.4696 3.9396 49.1191 -30.9907
	-0.3171 -0.3054 0.0075 0 0 0
	-0.2721 -0.3072 -0.026 0 0 0
	0.1834 -0.2031 0 0.4962 -1.4294 -14.76
1000	0 0 0 0 0 2.6578
	-0.0195 0.1854 0 0 0 -2.799
	-0.0417 -0.1504 0.2114 -3.9923 -13.3096 -5.1702
	-0.1007 -0.1148 -0.4696 8.7602 43.2941 -24.5574
	-0.3056 -0.242 0.0431 0.2037 2.5988 2.0138
	-0.2563 -0.2342 -0.0771 0.3752 0.3256 -0.9649
	0.1642 -0.1653 0 1.7869 -0.8919 -14.1339
1033	0 0 0 0 0 2.1909
	-0.0263 0.1805 -0.0014 0 0 3.0091
	-0.1431 -0.0432 0.2707 -2.9976 -7.9321 -1.8714
	-0.1997 0.0089 -0.4696 16.4163 34.0422 -14.3397
	-0.2873 -0.1413 0.0996 0.5273 6.7264 5.2123
	-0.2336 -0.1183 -0.1583 0.9711 0.8429 -2.4976
	0.1338 -0.1052 0 3.8368 -0.0382 -13.1395
1066	0 0 0 0 0 1.7062
	-0.0322 0.1725 -0.0024 0 0 8.5016
	-0.2374 0.0598 0.3224 -1.9946 -2.6566 1.3116
	-0.2906 0.127 -0.4613 23.4354 24.6036 -4.3286
	-0.2647 -0.0427 0.1518 0.827 10.5483 8.1738
	-0.2087 -0.0055 -0.2331 1.5229 1.3218 -3.9167
	0.1024 -0.046 0 5.726 0.7776 -11.9566
1100	0 0 0 0 0 1.3588
	-0.0342 0.1605 -0.0029 0 0 11.2117
	-0.2799 0.1151 0.3373 -1.3434 0.4233 3.0415
	-0.3288 0.1877 -0.4363 26.3448 18.2185 1.4845
	-0.2404 0.0145 0.1744 0.9588 12.2299 9.4769
	-0.1849 0.058 -0.2648 1.7656 1.5326 -4.5411
	0.0803 -0.0108 0 6.5347 1.2016 -10.7654
1133	0 0 0 0 0 1.3189
	-0.0332 0.1558 -0.0028 0 0 10.8826
	-0.2717 0.1117 0.3274 -1.3039 0.4109 2.9523
	-0.3192 0.1822 -0.4235 25.5714 17.6837 1.4409
	-0.2333 0.0141 0.1693 0.9307 11.8709 9.1987
	-0.1795 0.0563 -0.257 1.7138 1.4876 -4.4078
	0.0779 -0.0104 0 6.3429 1.1663 -10.4494
1166	0 0 0 0 0 1.2108
	-0.0304 0.143 -0.0025 0 0 9.9906
	-0.2494 0.1025 0.3006 -1.1971 0.3772 2.7103
	-0.293 0.1672 -0.3888 23.4754 16.2342 1.3228
	-0.2142 0.0129 0.1554 0.8544 10.8979 8.4447
	-0.1648 0.0517 -0.2359 1.5733 1.3657 -4.0465
	0.0715 -0.0096 0 5.823 1.0707 -9.5929
1200	0 0 0 0 0 1.0518
	-0.0264 0.1242 -0.0022 0 0 8.6787
	-0.2167 0.0891 0.2611 -1.0399 0.3276 2.3544
	-0.2545 0.1453 -0.3377 20.3928 14.1024 1.1491
	-0.1861 0.0112 0.135 0.7422 9.4668 7.3358
	-0.1431 0.0449 -0.2049 1.3667 1.1863 -3.5151
	0.0621 -0.0083 0 5.0584 0.9301 -8.3332
1233	0 0 0 0 0 0.8593
	-0.0216 0.1015 -0.0018 0 0 7.09
	-0.177 0.0728 0.2133 -0.8495 0.2677 1.9234
	-0.2079 0.1187 -0.2759 16.6597 11.5209 0.9387
	-0.152 0.0092 0.1103 0.6063 7.7338 5.9929
	-0.1169 0.0367 -0.1674 1.1165 0.9691 -2.8716
	0.0507 -0.0068 0 4.1324 0.7598 -6.8077
1266	0 0 0 0 0 0.6505
	-0.0163 0.0768 -0.0013 0 0 5.3674
	-0.134 0.0551 0.1614 -0.6431 0.2026 1.4561
	-0.1574 0.0898 -0.2089 12.6122 8.7219 0.7107
	-0.1151 0.0069 0.0835 0.459 5.8549 4.5369
	-0.0885 0.0278 -0.1267 0.8453 0.7337 -2.174
	0.0384 -0.0051 0 3.1284 0.5752 -5.1538
1300	0 0 0 0 0 0.4428
	-0.0111 0.0523 0 0 0 3.6542
	-0.0912 0.0375 0.1099 -0.4378 0.1379 0.9913
	-0.1071 0.0611 -0.1422 8.5864 5.9378 0.4838
	-0.0783 0.0047 0.0568 0.3125 3.986 3.0887
	-0.0602 0.0189 -0.0863 0.5754 0.4995 -1.48
	0.0261 -0.0035 0 2.1298 0.3916 -3.5087
1333	0 0 0 0 0 0.2536
	-0.0063 0.0299 0 0 0 2.0931
	-0.0522 0.0214 0.0629 -0.2508 0.079 0.5678
	-0.0614 0.035 -0.0814 4.9184 3.4012 0.2771
	-0.0448 0.0027 0.0325 0.179 2.2832 1.7692
	-0.0345 0.0108 -0.0494 0.3296 0.2861 -0.8478
	0.0149 -0.002 0 1.22 0.2243 -2.0098
1366	0 0 0 0 0 0.1002
	-0.0025 0.0118 0 0 0 0.8274
	-0.0206 0.0084 0.0248 -0.0991 0.0312 0.2244
	-0.0242 0.0138 -0.0322 1.9442 1.3445 0.1095
	-0.0177 0.001 0.0128 0.0707 0.9025 0.6993
	-0.0136 0.0042 -0.0195 0.1303 0.1131 -0.3351
	0.0059 0 0 0.4822 0.0886 -0.7944
1400	0 0 0 0 0 0
	0 0 0 0 0 0
	0 0 0 0 0 0
	0 0 0 0 0 0
	0 0 0 0 0 0
	0 0 0 0 0 0
	0 0 0 0 0 0
1433	0 0 0 0 0 0.0335
	0 0.0108 0 0 0 0
	-0.0032 -0.0118 0 0.0191 -0.0266 0.1475
	-0.0027 -0.0122 -0.0025 0.1683 0.1947 0.0795
	-0.0149 -0.0106 0.0055 0 0 0
	-0.0148 -0.0112 -0.0077 0 0 0
	0.0076 -0.0069 0 0 0 -0.7399
1466	0 0 0 0 0 0.0799
	0.0011 0.0259 0.0022 0 0 0
	-0.0078 -0.0282 0 0.0456 -0.0634 0.3519
	-0.0065 -0.0291 -0.006 0.4015 0.4644 0.1897
	-0.0355 -0.0254 0.0131 0 0 0
	-0.0354 -0.0268 -0.0183 0 0 0
	0.0182 -0.0165 0 0 0 -1.7647
1500	0 0 0 0 0 0.1358
	0.002 0.0441 0.0039 0 0 0
	-0.0133 -0.0479 0 0.0776 -0.1078 0.5982
	-0.011 -0.0495 -0.0103 0.6824 0.7894 0.3225
	-0.0604 -0.0432 0.0224 0 0 0
	-0.0601 -0.0456 -0.0312 0 0 0
	0.031 -0.0281 0 0 0 -2.9994
1533	0 0 0 0 0 0.1978
	0.0029 0.0642 0.0056 0 0 0
	-0.0194 -0.0699 0 0.1131 -0.1571 0.8714
	-0.0161 -0.0721 -0.015 0.9941 1.15 0.4698
	-0.088 -0.0629 0.0326 0 0 0
	-0.0876 -0.0665 -0.0455 0 0 0
	0.0452 -0.041 0 0 0 -4.3691
1566	0 0 0 0 0 0.2625
	0.0038 0.0852 0.0075 0 0 0
	-0.0258 -0.0927 0 0.1501 -0.2085 1.1567
	-0.0214 -0.0957 -0.02 1.3195 1.5264 0.6235
	-0.1169 -0.0835 0.0433 0 0 0
	-0.1163 -0.0882 -0.0604 0 0 0
	0.06 -0.0545 0 0 0 -5.7992
1600	0 0 0 0 0 0.3266
	0.0048 0.106 0.0093 0 0 0
	-0.0321 -0.1154 0 0.1867 -0.2594 1.439
	-0.0266 -0.1191 -0.0248 1.6416 1.8989 0.7757
	-0.1454 -0.1039 0.0539 0 0 0
	-0.1447 -0.1098 -0.0752 0 0 0
	0.0747 -0.0678 0 0 0 -7.2145
1633	0 0 0 0 0 0.3867
	0.0056 0.1255 0.0111 0 0 0
	-0.038 -0.1366 0 0.2211 -0.3071 1.7035
	-0.0315 -0.141 -0.0294 1.9433 2.2479 0.9183
	-0.1722 -0.123 0.0638 0 0 0
	-0.1713 -0.13 -0.089 0 0 0
	0.0884 -0.0802 0 0 0 -8.5404
1666	0 0 0 0 0 0.4393
	0.0064 0.1426 0.0126 0 0 0
	-0.0432 -0.1552 0 0.2511 -0.3489 1.9352
	-0.0358 -0.1602 -0.0334 2.2076 2.5537 1.0432
	-0.1956 -0.1397 0.0725 0 0 0
	-0.1946 -0.1477 -0.1011 0 0 0
	0.1005 -0.0911 0 0 0 -9.702
1700	0 0 0 0 0 0.481
	0.007 0.1562 0.0138 0 0 0
	-0.0473 -0.17 0 0.275 -0.382 2.1191
	-0.0393 -0.1754 -0.0366 2.4174 2.7964 1.1424
	-0.2142 -0.153 0.0794 0 0 0
	-0.2131 -0.1617 -0.1107 0 0 0
	0.11 -0.0998 0 0 0 -10.6244
1733	0 0 0 0 0 0.5086
	0.0074 0.1651 0.0146 0 0 0
	-0.05 -0.1797 0 0.2908 -0.4039 2.2405
	-0.0415 -0.1855 -0.0387 2.5559 2.9566 1.2078
	-0.2264 -0.1618 0.084 0 0 0
	-0.2253 -0.171 -0.1171 0 0 0
	0.1163 -0.1055 0 0 0 -11.2327
1766	0 0 0 0 0 0.5185
	0.0076 0.1684 0.0148 0 0 0
	-0.051 -0.1832 0 0.2964 -0.4118 2.2842
	-0.0423 -0.1891 -0.0395 2.6058 3.0143 1.2314
	-0.2309 -0.1649 0.0856 0 0 0
	-0.2297 -0.1743 -0.1193 0 0 0
	0.1186 -0.1076 0 0 0 -11.4521
1800	0 0 0 0 0 0.7414
	0.0122 0.1966 0.0067 0 0 0
	-0.0632 -0.2315 0.0173 1.5778 0.9473 7.5663
	-0.0359 -0.2392 -0.1824 10.2001 21.7348 -1.7853
	-0.2803 -0.2505 0.123 0 0 0
	-0.2552 -0.2403 -0.1209 0 0 0
	0.1203 -0.1646 0 0 0 -7.1111
1833	0 0 0 0 0 0.8661
	0.0153 0.1962 -0.0031 0 0 0
	-0.0665 -0.2473 0.0338 2.7176 2.2707 12.0975
	-0.0232 -0.2558 -0.3085 16.8217 38.5942 -4.7725
	-0.2897 -0.3038 0.1442 0 0 0
	-0.2427 -0.2739 -0.1036 0 0 0
	0.1032 -0.2004 0 0 0 -1.289
1866	0 0 0 0 0 2.2751
	0 0.2228 -0.0014 0 0 -3.9341
	-0.0231 -0.2688 0.1247 -1.3197 -8.9248 2.2373
	-0.0362 -0.2582 -0.4558 11.6526 51.1588 -21.5098
	-0.3526 -0.3532 0.0839 0 0 0
	-0.2979 -0.3379 -0.0728 0 0 0
	0.1685 -0.234 0.001 0.3023 -0.871 -9.7034
1900	0 0 0 0 0 3.1977
	-0.0166 0.2042 0 0 0 -6.994
	0.0239 -0.2361 0.1886 -5.0035 -18.0866 -7.8511
	-0.0416 -0.2089 -0.5087 4.2679 53.2124 -33.5733
	-0.3435 -0.3309 0.0081 0 0 0
	-0.2959 -0.3328 -0.0282 0 0 0
	0.1987 -0.22 0.001 0.5375 -1.5485 -15.99
1933	0 0 0 0 0 2.9314
	-0.0264 0.2177 0 0 0 -0.5516
	-0.0978 -0.1274 0.2792 -4.2633 -13.2299 -4.5622
	-0.1667 -0.0772 -0.5573 14.0471 46.965 -24.2694
	-0.3539 -0.2392 0.0781 0.3961 5.0526 3.9152
	-0.2935 -0.2227 -0.1303 0.7294 0.6331 -1.8761
	0.1804 -0.1675 0.001 3.0981 -0.6513 -16.2986
1966	0 0 0 0 0 2.0978
	-0.0362 0.2026 -0.0026 0 0 8.6276
	-0.2546 0.0458 0.3633 -2.553 -4.3094 0.7921
	-0.3172 0.1205 -0.5389 25.6568 30.8143 -7.3482
	-0.3133 -0.0724 0.1647 0.8934 11.3952 8.8301
	-0.2486 -0.0324 -0.254 1.6451 1.428 -4.2312
	0.1265 -0.0673 0 6.2286 0.7168 -14.1893
2000	0 0 0 0 0 1.6125
	-0.0405 0.1904 -0.0034 0 0 13.3046
	-0.3322 0.1366 0.4003 -1.5941 0.5023 3.6093
	-0.3902 0.2227 -0.5178 31.2624 21.6193 1.7616
	-0.2853 0.0173 0.207 1.1378 14.5128 11.2459
	-0.2194 0.0689 -0.3142 2.0952 1.8187 -5.3888
	0.0953 -0.0128 0 7.7546 1.4259 -12.775
2033	0 0 0 0 0 2.0566
	-0.0354 0.1986 -0.0025 0 0 8.4372
	-0.2491 0.0446 0.3558 -2.504 -4.2368 0.7671
	-0.3105 0.1178 -0.528 25.1166 30.2157 -7.2273
	-0.307 -0.0712 0.1612 0.8744 11.1534 8.6427
	-0.2437 -0.0321 -0.2487 1.6102 1.3977 -4.1413
	0.124 -0.0661 0 6.0969 0.7 -13.9048
2066	0 0 0 0 0 2.849
	-0.0249 0.2095 0 0 0 -0.9324
	-0.087 -0.1299 0.2641 -4.1654 -13.0847 -4.6122
	-0.1533 -0.0828 -0.5355 12.9668 45.7679 -24.0275
	-0.3413 -0.2368 0.0711 0.3582 4.5688 3.5403
	-0.2835 -0.222 -0.1195 0.6596 0.5725 -1.6964
	0.1755 -0.1651 0.001 2.8348 -0.6849 -15.7295
2100	0 0 0 0 0 3.1626
	-0.0164 0.202 0 0 0 -6.9171
	0.0237 -0.2335 0.1865 -4.9485 -17.8879 -7.7648
	-0.0412 -0.2066 -0.5031 4.221 52.6276 -33.2043
	-0.3397 -0.3272 0.008 0 0 0
	-0.2924 -0.3292 -0.0279 0 0 0
	0.1965 -0.2176 0.001 0.5316 -1.5315 -15.8143
2133	0 0 0 0 0 2.9906
	-0.0125 0.2123 0 0 0 -6.2539
	0.0113 -0.2486 0.1738 -4.0623 -15.8288 -5.1872
	-0.0407 -0.2255 -0.5016 6.3653 53.4302 -30.7441
	-0.3511 -0.3419 0.0291 0 0 0
	-0.3 -0.3391 -0.0409 0 0 0
	0.1933 -0.2271 0.001 0.4806 -1.3847 -14.4935
2166	0 0 0 0 0 2.4417
	-0.0054 0.2072 0 0 0 -4.6509
	-0.0082 -0.247 0.1377 -2.338 -11.2009 -0.8174
	-0.0361 -0.232 -0.4506 8.9612 49.4341 -24.0631
	-0.3339 -0.3306 0.0579 0 0 0
	-0.2828 -0.321 -0.0564 0 0 0
	0.1697 -0.2192 0 0.3574 -1.0297 -11.1025
2200	0 0 0 0 0 1.7339
	0.0025 0.1929 -0.0016 0 0 -2.6878
	-0.0295 -0.2349 0.0922 -0.3383 -5.6267 4.0363
	-0.0295 -0.2294 -0.3753 11.4482 42.9523 -15.6849
	-0.3009 -0.3043 0.0872 0 0 0
	-0.254 -0.2876 -0.0712 0 0 0
	0.1365 -0.2014 0 0.2065 -0.5951 -6.8966
2233	0 0 0 0 0 1.085
	0.0093 0.1756 -0.0022 0 0 -0.9442
	-0.0469 -0.2184 0.051 1.3745 -0.7288 8.0658
	-0.0231 -0.2211 -0.3014 13.2657 36.2977 -8.1328
	-0.2649 -0.2738 0.1099 0 0 0
	-0.2229 -0.2515 -0.0819 0 0 0
	0.1047 -0.1809 0 0.0725 -0.209 -3.1312
2266	0 0 0 0 0 0.7132
	0.0126 0.1616 -0.0025 0 0 0
	-0.0548 -0.2036 0.0278 2.238 1.87 9.9626
	-0.0191 -0.2106 -0.254 13.8531 31.7834 -3.9303
	-0.2385 -0.2501 0.1187 0 0 0
	-0.1999 -0.2256 -0.0853 0 0 0
	0.085 -0.165 0 0 0 -1.0616
2300	0 0 0 0 0 1.3652
	0.0017 0.15 -0.0012 0 0 -2.141
	-0.0223 -0.1826 0.0728 -0.3194 -4.5237 2.993
	-0.0231 -0.178 -0.2933 8.8103 33.5055 -12.4064
	-0.2344 -0.2368 0.0668 0 0 0
	-0.198 -0.2241 -0.0548 0 0 0
	0.1068 -0.1567 0 0.1645 -0.474 -5.4699
2333	0 0 0 0 0 2.0381
	-0.0106 0.1301 0 0 0 -4.4577
	0.0152 -0.1505 0.1202 -3.189 -11.5277 -5.004
	-0.0265 -0.1331 -0.3242 2.7202 33.9156 -21.3983
	-0.2189 -0.2109 0.0052 0 0 0
	-0.1863 -0.2121 -0.0179 0 0 0
	0.1266 -0.1402 0 0.3426 -0.987 -10.1914
2366	0 0 0 0 0 1.8734
	-0.0062 0.1651 0.0052 0 0 -3.7159
	-0.0044 -0.1871 0.1 -2.5586 -9.7479 -3.4029
	-0.0363 -0.1746 -0.2835 3.144 29.2856 -17.4232
	-0.2602 -0.2313 0.0331 0 0 0
	-0.2325 -0.2355 -0.0551 0 0 0
	0.1454 -0.1531 0 0.2856 -0.8227 -12.3475
2400	0 0 0 0 0 1.3708
	0 0.1937 0.0118 0 0 -2.108
	-0.0328 -0.215 0.0565 -1.2754 -5.7748 -0.5736
	-0.0458 -0.2114 -0.1843 3.3315 18.4047 -9.1529
	-0.2847 -0.2292 0.0696 0 0 0
	-0.2686 -0.2371 -0.1022 0 0 0
	0.153 -0.1508 0.001 0.162 -0.4667 -13.8078
2433	0 0 0 0 0 0.8668
	0.0076 0.2146 0.0175 0 0 -0.5606
	-0.0581 -0.2346 0.0146 -0.052 -1.9347 2.0598
	-0.0532 -0.2394 -0.0873 3.4098 7.8142 -1.2415
	-0.2993 -0.2207 0.1014 0 0 0
	-0.2942 -0.2319 -0.1428 0 0 0
	0.1556 -0.1443 0.0011 0.043 -0.1241 -14.764
2466	0 0 0 0 0 0.6977
	0.0102 0.2265 0.02 0 0 0
	-0.0686 -0.2465 0 0.3989 -0.5541 3.0734
	-0.057 -0.2545 -0.0531 3.506 4.0556 1.6567
	-0.3106 -0.2219 0.1152 0 0 0
	-0.3091 -0.2345 -0.1606 0 0 0
	0.1596 -0.1448 0.0012 0 0 -15.4083
2500	0 0 0 0 0 1.3205
	0.0039 0.2259 0.0156 0 0 -1.7014
	-0.0475 -0.2492 0.0454 -0.9069 -4.8309 0.4804
	-0.0544 -0.2487 -0.1651 3.7651 16.0994 -6.8787
	-0.3252 -0.2531 0.0916 0 0 0
	-0.3118 -0.2634 -0.1318 0 0 0
	0.1725 -0.1661 0.0012 0.1307 -0.3767 -15.8741
2533	0 0 0 0 0 2.3395
	-0.0075 0.2101 0.0069 0 0 -4.6081
	-0.0071 -0.2377 0.1241 -3.1637 -12.1015 -4.1484
	-0.0464 -0.2224 -0.3529 3.9807 36.4122 -21.5683
	-0.3299 -0.292 0.0437 0 0 0
	-0.2957 -0.2975 -0.0721 0 0 0
	0.1841 -0.1932 0.0011 0.3541 -1.0203 -15.6715
2566	0 0 0 0 0 2.8112
	-0.0146 0.1795 0 0 0 -6.1485
	0.021 -0.2076 0.1658 -4.3987 -15.9003 -6.902
	-0.0366 -0.1836 -0.4472 3.752 46.7801 -29.5149
	-0.302 -0.2909 0.0071 0 0 0
	-0.2586 -0.2926 -0.0248 0 0 0
	0.1746 -0.1934 0 0.4725 -1.3613 -14.0572
2600	0 0 0 0 0 2.3303
	-0.0064 0.1891 0 0 0 -4.5545
	-0.0034 -0.2245 0.1325 -2.4803 -11.1279 -1.6494
	-0.0337 -0.2092 -0.4196 7.5949 45.7005 -23.2292
	-0.3066 -0.3024 0.0466 0 0 0
	-0.2599 -0.2952 -0.048 0 0 0
	0.1589 -0.2006 0 0.35 -1.0084 -10.7817
2633	0 0 0 0 0 1.3073
	0.0064 0.1776 -0.0019 0 0 -1.594
	-0.0389 -0.219 0.0656 0.6749 -2.6054 6.2913
	-0.025 -0.2185 -0.322 12.2092 37.9081 -10.8399
	-0.2718 -0.2783 0.0982 0 0 0
	-0.2291 -0.2588 -0.0756 0 0 0
	0.1142 -0.184 0 0.1225 -0.3529 -4.5055
2666	0 0 0 0 0 0.7438
	0.0131 0.1685 -0.0026 0 0 0
	-0.0571 -0.2124 0.029 2.334 1.9502 10.3896
	-0.0199 -0.2197 -0.2649 14.4468 33.1456 -4.0987
	-0.2488 -0.2609 0.1238 0 0 0
	-0.2084 -0.2352 -0.089 0 0 0
	0.0886 -0.1721 0 0 0 -1.1071
2700	0 0 0 0 0 1.2855
	0.006 0.1727 -0.0019 0 0 -1.594
	-0.0373 -0.2127 0.0647 0.6062 -2.6628 5.9856
	-0.0244 -0.212 -0.3142 11.784 36.9327 -10.7193
	-0.2645 -0.2706 0.0945 0 0 0
	-0.223 -0.2519 -0.073 0 0 0
	0.1116 -0.1789 0 0.1225 -0.3529 -4.4729
2733	0 0 0 0 0 2.2865
	-0.0072 0.1792 0 0 0 -4.5545
	0 -0.212 0.1308 -2.6176 -11.2427 -2.2609
	-0.0326 -0.1963 -0.404 6.7446 43.7497 -22.9879
	-0.292 -0.2871 0.0393 0 0 0
	-0.2476 -0.2813 -0.0428 0 0 0
	0.1537 -0.1905 0 0.35 -1.0084 -10.7166
2766	0 0 0 0 0 2.8112
	-0.0146 0.1795 0 0 0 -6.1485
	0.021 -0.2076 0.1658 -4.3987 -15.9003 -6.902
	-0.0366 -0.1836 -0.4472 3.752 46.7801 -29.5149
	-0.302 -0.2909 0.0071 0 0 0
	-0.2586 -0.2926 -0.0248 0 0 0
	0.1746 -0.1934 0 0.4725 -1.3613 -14.0572
2800	0 0 0 0 0 2.2295
	-0.0083 0.1654 0 0 0 -4.5658
	0.0047 -0.1946 0.1287 -2.8212 -11.4354 -3.1434
	-0.031 -0.1782 -0.3826 5.5422 41.0616 -22.6995
	-0.2717 -0.2658 0.0289 0 0 0
	-0.2306 -0.2622 -0.0354 0 0 0
	0.1466 -0.1764 0 0.3509 -1.0109 -10.6499
2833	0 0 0 0 0 1.1713
	0.0038 0.1451 -0.0014 0 0 -1.6168
	-0.0276 -0.1779 0.0605 0.1991 -3.0482 4.2205
	-0.0212 -0.1759 -0.2715 9.3791 31.5565 -10.1424
	-0.2239 -0.228 0.0738 0 0 0
	-0.189 -0.2136 -0.0582 0 0 0
	0.0974 -0.1508 0 0.1242 -0.3579 -4.3396
2866	0 0 0 0 0 0.591
	0.0104 0.1339 -0.0021 0 0 0
	-0.0454 -0.1687 0.023 1.8544 1.5494 8.2547
	-0.0158 -0.1745 -0.2105 11.4783 26.3348 -3.2565
	-0.1976 -0.2073 0.0984 0 0 0
	-0.1656 -0.1869 -0.0707 0 0 0
	0.0704 -0.1367 0 0 0 -0.8796
2900	0 0 0 0 0 1.1416
	0.0045 0.1477 -0.0015 0 0 -1.4916
	-0.0302 -0.1816 0.0581 0.3752 -2.6521 4.7459
	-0.0212 -0.1803 -0.2722 9.8378 31.8312 -9.693
	-0.227 -0.2318 0.0782 0 0 0
	-0.1915 -0.2163 -0.061 0 0 0
	0.0971 -0.1533 0 0.1146 -0.3302 -4.0943
2933	0 0 0 0 0 2.17
	-0.0067 0.1706 0 0 0 -4.3153
	0 -0.2019 0.1241 -2.4691 -10.6432 -2.0926
	-0.031 -0.187 -0.384 6.4594 41.611 -21.8006
	-0.2778 -0.2732 0.0378 0 0 0
	-0.2355 -0.2677 -0.0409 0 0 0
	0.146 -0.1813 0 0.3316 -0.9554 -10.1592
2966	0 0 0 0 0 2.6706
	-0.0138 0.1705 0 0 0 -5.8411
	0.02 -0.1972 0.1575 -4.1787 -15.1053 -6.5569
	-0.0347 -0.1744 -0.4248 3.5644 44.4411 -28.0392
	-0.2869 -0.2763 0.0068 0 0 0
	-0.2453 -0.278 -0.0235 0 0 0
	0.1659 -0.1837 0 0.4489 -1.2933 -13.3543
3000	0 0 0 0 0 2.2406
	-0.0084 0.1857 0.0049 0 0 -4.5431
	0 -0.2111 0.1224 -3.1567 -11.8784 -4.3799
	-0.0404 -0.1953 -0.3429 3.5935 35.5153 -21.4202
	-0.2959 -0.2669 0.0322 0 0 0
	-0.2623 -0.2711 -0.0559 0 0 0
	0.1664 -0.1768 0 0.3491 -1.0059 -13.9958
3033	0 0 0 0 0 1.2715
	0 0.1806 0.011 0 0 -1.947
	-0.0308 -0.2004 0.0522 -1.1749 -5.3379 -0.5059
	-0.0427 -0.1972 -0.1706 3.1043 17.0303 -8.4408
	-0.2654 -0.2134 0.0652 0 0 0
	-0.2506 -0.2208 -0.0956 0 0 0
	0.1425 -0.1404 0 0.1496 -0.4311 -12.8728
3066	0 0 0 0 0 0.4902
	0.0072 0.1592 0.014 0 0 0
	-0.0482 -0.1732 0 0.2803 -0.3893 2.1596
	-0.04 -0.1788 -0.0373 2.4636 2.8499 1.1642
	-0.2183 -0.1559 0.0809 0 0 0
	-0.2172 -0.1648 -0.1128 0 0 0
	0.1121 -0.1017 0 0 0 -10.8274
3100	0 0 0 0 0 1.2172
	0.0347 0.0978 0.011 0 0 0
	-0.0856 0.0198 0.1383 -0.9774 2.035 -1.8302
	-0.1136 0.0412 -0.2323 3.1395 0.4505 -3.947
	-0.2577 -0.0866 0.1504 0 0 0
	-0.2529 -0.0934 -0.1693 0 0 0
	0.0527 -0.0638 0.0154 0 -1.0065 -13.3418
3133	0 0 0 0 0 2.1148
	0.0704 -0.0072 0.0049 0 0 0
	-0.1284 0.3025 0.3234 -2.6954 5.3246 -7.4663
	-0.2059 0.361 -0.4869 3.6799 -3.1658 -10.9324
	-0.2783 0.0287 0.2311 0 0 0
	-0.2688 0.0258 -0.228 0 0 0
	-0.0429 0.0016 0.0348 0 -2.3486 -15.1093
3166	0 0 0 0 0 2.5156
	0.0876 -0.0753 0 0 0 0
	-0.1451 0.4609 0.4159 -3.5819 7.0075 -10.4957
	-0.2481 0.5383 -0.6105 3.709 -5.2529 -14.539
	-0.2672 0.1016 0.2636 0 0 0
	-0.2554 0.1015 -0.2463 0 0 0
	-0.1017 0.0443 0.0443 0 -3.0196 -14.9332
3200	0 0 0 0 0 2.3458
	0.0792 -0.0331 0 0 0 0
	-0.1381 0.3619 0.3696 -2.6802 6.5108 -7.1633
	-0.221 0.4283 -0.5857 6.0549 1.8495 -13.5187
	-0.2822 0.0381 0.2547 0 0 0
	-0.264 0.0431 -0.2329 0 0 0
	-0.0717 0.0053 0.0389 0 -2.6422 -13.2818
3233	0 0 0 0 0 1.8168
	0.0573 0.0351 0 0 0 0
	-0.1115 0.1691 0.2563 -0.9932 5.0036 -1.2428
	-0.1541 0.2108 -0.4806 8.9488 12.5031 -10.4061
	-0.2727 -0.0632 0.2119 0 0 0
	-0.2469 -0.0512 -0.1855 0 0 0
	-0.0177 -0.0549 0.0262 0 -1.7614 -9.231
3266	0 0 0 0 0 1.1611
	0.0313 0.1017 -0.0017 0 0 0
	-0.0771 -0.0367 0.1247 0.7745 3.1472 4.8099
	-0.0763 -0.0226 -0.3422 11.2641 22.4027 -6.5674
	-0.2448 -0.1612 0.1545 0 0 0
	-0.213 -0.1429 -0.1252 0 0 0
	0.038 -0.112 0.0116 0 -0.7549 -4.5254
3300	0 0 0 0 0 0.6113
	0.0108 0.1385 -0.0021 0 0 0
	-0.0469 -0.1745 0.0238 1.9183 1.6029 8.5394
	-0.0164 -0.1805 -0.2177 11.8741 27.2429 -3.3688
	-0.2045 -0.2144 0.1018 0 0 0
	-0.1713 -0.1933 -0.0731 0 0 0
	0.0728 -0.1414 0 0 0 -0.9099
3333	0 0 0 0 0 0.9163
	-0.009 0.1437 -0.0024 0 0 4.8584
	-0.1464 -0.0436 0.1589 0.4455 1.0421 5.8927
	-0.1513 -0.0153 -0.3057 17.7772 22.4891 -1.1614
	-0.2137 -0.1085 0.1301 0.4155 5.2996 4.1066
	-0.1719 -0.0784 -0.1539 0.7651 0.6641 -1.9678
	0.0738 -0.0804 0 2.8317 0.5206 -5.1525
3366	0 0 0 0 0 1.0871
	-0.0273 0.1284 -0.0023 0 0 8.9694
	-0.2239 0.092 0.2698 -1.0747 0.3386 2.4332
	-0.2631 0.1501 -0.3491 21.0758 14.5748 1.1876
	-0.1923 0.0116 0.1395 0.767 9.7839 7.5815
	-0.1479 0.0464 -0.2118 1.4125 1.2261 -3.6329
	0.0642 -0.0086 0 5.2278 0.9612 -8.6123
3400	0 0 0 0 0 1.0088
	-0.0253 0.1191 -0.0021 0 0 8.3236
	-0.2078 0.0854 0.2504 -0.9973 0.3142 2.258
	-0.2441 0.1393 -0.3239 19.5583 13.5254 1.1021
	-0.1785 0.0108 0.1295 0.7118 9.0795 7.0356
	-0.1373 0.0431 -0.1965 1.3108 1.1378 -3.3713
	0.0596 -0.008 0 4.8514 0.892 -7.9922
3433	0 0 0 0 0 0.8088
	-0.0203 0.0955 -0.0017 0 0 6.6732
	-0.1666 0.0685 0.2007 -0.7996 0.2519 1.8103
	-0.1957 0.1117 -0.2597 15.6804 10.8436 0.8835
	-0.1431 0.0086 0.1038 0.5707 7.2792 5.6406
	-0.11 0.0345 -0.1576 1.0509 0.9122 -2.7028
	0.0478 -0.0064 0 3.8895 0.7151 -6.4076
3466	0 0 0 0 0 0.5392
	-0.0135 0.0636 -0.0011 0 0 4.4488
	-0.111 0.0456 0.1338 -0.533 0.1679 1.2069
	-0.1305 0.0744 -0.1731 10.4536 7.2291 0.589
	-0.0954 0.0057 0.0692 0.3804 4.8528 3.7604
	-0.0733 0.023 -0.105 0.7006 0.6081 -1.8019
	0.0318 -0.0042 0 2.593 0.4767 -4.2717
3500	0 0 0 0 0 0.2522
	-0.0063 0.0297 0 0 0 2.0809
	-0.0519 0.0213 0.0626 -0.2493 0.0785 0.5645
	-0.061 0.0348 -0.0809 4.8895 3.3813 0.2755
	-0.0446 0.0027 0.0323 0.1779 2.2698 1.7589
	-0.0343 0.0107 -0.0491 0.3277 0.2844 -0.8428
	0.0149 -0.002 0 1.2128 0.223 -1.998
3533	0 0 0 0 0 0
	0 0 0 0 0 0
	0 0 0 0 0 0
	0 0 0 0 0 0
	0 0 0 0 0 0
	0 0 0 0 0 0
	0 0 0 0 0 0
